1,3511402141,16,HostToDevice,0
2,2344566797,16,HostToDevice,0
3,2382506810,16,HostToDevice,0
4,2382506810,16,HostToDevice,3
5,137123264,16,HostToDevice,0
6,2333402883,16,HostToDevice,0
7,137123264,16,HostToDevice,5
8,3377366489,16,HostToDevice,0
9,252236466,16,HostToDevice,0
10,1273119340,8,HostToDevice,0
11,4032022684,8,DeviceToHost,0
12,4152239172,8,DeviceToHost,0
13,2981391784,8,DeviceToHost,0
14,3736311059,8,DeviceToHost,0
15,2203637181,8,DeviceToHost,0
16,3329948727,8,DeviceToHost,0
17,862044500,16,DeviceToHost,0
18,138445967,8,DeviceToHost,0
19,3736311059,8,DeviceToHost,14
20,1662952205,16,DeviceToHost,0
21,4161730017,8,DeviceToHost,0
22,2081958715,8,DeviceToHost,0
23,2519609651,8,DeviceToHost,0
24,148298089,4,DeviceToHost,0
25,3899617879,16,DeviceToHost,0
26,148298089,4,DeviceToHost,24
27,148298089,4,DeviceToHost,24
28,3899617879,16,DeviceToHost,25
29,148298089,4,DeviceToHost,24
30,3329948727,8,DeviceToHost,16
31,749016397,16,DeviceToHost,0
32,2045140351,8,DeviceToHost,0
33,3736311059,8,DeviceToHost,14
34,1662952205,16,DeviceToHost,20
35,4161730017,8,DeviceToHost,21
36,2081958715,8,DeviceToHost,22
37,2519609651,8,DeviceToHost,23
38,148298089,4,DeviceToHost,24
39,3899617879,16,DeviceToHost,25
40,148298089,4,DeviceToHost,24
41,148298089,4,DeviceToHost,24
42,3899617879,16,DeviceToHost,25
43,148298089,4,DeviceToHost,24
44,3329948727,8,DeviceToHost,16
45,3033293840,16,DeviceToHost,0
46,2295942450,8,DeviceToHost,0
47,3736311059,8,DeviceToHost,14
48,1662952205,16,DeviceToHost,20
49,4161730017,8,DeviceToHost,21
50,2081958715,8,DeviceToHost,22
51,2519609651,8,DeviceToHost,23
52,148298089,4,DeviceToHost,24
53,3899617879,16,DeviceToHost,25
54,148298089,4,DeviceToHost,24
55,148298089,4,DeviceToHost,24
56,3899617879,16,DeviceToHost,25
57,148298089,4,DeviceToHost,24
58,3329948727,8,DeviceToHost,16
59,715281545,16,DeviceToHost,0
60,3110570296,8,DeviceToHost,0
61,3736311059,8,DeviceToHost,14
62,1662952205,16,DeviceToHost,20
63,4161730017,8,DeviceToHost,21
64,2081958715,8,DeviceToHost,22
65,2519609651,8,DeviceToHost,23
66,148298089,4,DeviceToHost,24
67,3899617879,16,DeviceToHost,25
68,148298089,4,DeviceToHost,24
69,148298089,4,DeviceToHost,24
70,3899617879,16,DeviceToHost,25
71,148298089,4,DeviceToHost,24
72,3329948727,8,DeviceToHost,16
73,2124957311,16,DeviceToHost,0
74,2572140264,8,DeviceToHost,0
75,3736311059,8,DeviceToHost,14
76,1662952205,16,DeviceToHost,20
77,4161730017,8,DeviceToHost,21
78,2081958715,8,DeviceToHost,22
79,2519609651,8,DeviceToHost,23
80,148298089,4,DeviceToHost,24
81,3899617879,16,DeviceToHost,25
82,148298089,4,DeviceToHost,24
83,148298089,4,DeviceToHost,24
84,3899617879,16,DeviceToHost,25
85,148298089,4,DeviceToHost,24
86,3329948727,8,DeviceToHost,16
87,3119698824,16,DeviceToHost,0
88,1287861389,8,DeviceToHost,0
89,3736311059,8,DeviceToHost,14
90,1662952205,16,DeviceToHost,20
91,4161730017,8,DeviceToHost,21
92,2081958715,8,DeviceToHost,22
93,2519609651,8,DeviceToHost,23
94,148298089,4,DeviceToHost,24
95,3899617879,16,DeviceToHost,25
96,148298089,4,DeviceToHost,24
97,148298089,4,DeviceToHost,24
98,3899617879,16,DeviceToHost,25
99,148298089,4,DeviceToHost,24
100,3329948727,8,DeviceToHost,16
101,1956344370,16,DeviceToHost,0
102,2063045697,8,DeviceToHost,0
103,3736311059,8,DeviceToHost,14
104,1662952205,16,DeviceToHost,20
105,4161730017,8,DeviceToHost,21
106,2081958715,8,DeviceToHost,22
107,2519609651,8,DeviceToHost,23
108,148298089,4,DeviceToHost,24
109,3899617879,16,DeviceToHost,25
110,148298089,4,DeviceToHost,24
111,148298089,4,DeviceToHost,24
112,3899617879,16,DeviceToHost,25
113,148298089,4,DeviceToHost,24
114,3329948727,8,DeviceToHost,16
115,937612736,16,DeviceToHost,0
116,4263795660,8,DeviceToHost,0
117,3736311059,8,DeviceToHost,14
118,1662952205,16,DeviceToHost,20
119,4161730017,8,DeviceToHost,21
120,2081958715,8,DeviceToHost,22
121,2519609651,8,DeviceToHost,23
122,148298089,4,DeviceToHost,24
123,3899617879,16,DeviceToHost,25
124,148298089,4,DeviceToHost,24
125,148298089,4,DeviceToHost,24
126,3899617879,16,DeviceToHost,25
127,148298089,4,DeviceToHost,24
128,3329948727,8,DeviceToHost,16
129,1651628177,16,DeviceToHost,0
130,1966620085,8,DeviceToHost,0
131,3736311059,8,DeviceToHost,14
132,1662952205,16,DeviceToHost,20
133,4161730017,8,DeviceToHost,21
134,2081958715,8,DeviceToHost,22
135,2519609651,8,DeviceToHost,23
136,148298089,4,DeviceToHost,24
137,3899617879,16,DeviceToHost,25
138,148298089,4,DeviceToHost,24
139,148298089,4,DeviceToHost,24
140,3899617879,16,DeviceToHost,25
141,148298089,4,DeviceToHost,24
142,3329948727,8,DeviceToHost,16
143,2913701491,16,DeviceToHost,0
144,2483417452,8,DeviceToHost,0
145,3736311059,8,DeviceToHost,14
146,1662952205,16,DeviceToHost,20
147,4161730017,8,DeviceToHost,21
148,2081958715,8,DeviceToHost,22
149,2519609651,8,DeviceToHost,23
150,148298089,4,DeviceToHost,24
151,3899617879,16,DeviceToHost,25
152,148298089,4,DeviceToHost,24
153,148298089,4,DeviceToHost,24
154,3899617879,16,DeviceToHost,25
155,148298089,4,DeviceToHost,24
156,4032022684,8,DeviceToHost,11
157,4152239172,8,DeviceToHost,12
158,2147790103,8,DeviceToHost,0
159,3262218830,8,DeviceToHost,0
160,4146379325,8,DeviceToHost,0
161,3329948727,8,DeviceToHost,16
162,3658408420,16,DeviceToHost,0
163,2067225098,8,DeviceToHost,0
164,3736311059,8,DeviceToHost,14
165,1662952205,16,DeviceToHost,20
166,4161730017,8,DeviceToHost,21
167,2081958715,8,DeviceToHost,22
168,2519609651,8,DeviceToHost,23
169,148298089,4,DeviceToHost,24
170,3899617879,16,DeviceToHost,25
171,148298089,4,DeviceToHost,24
172,148298089,4,DeviceToHost,24
173,3899617879,16,DeviceToHost,25
174,148298089,4,DeviceToHost,24
175,3329948727,8,DeviceToHost,16
176,975223823,16,DeviceToHost,0
177,2280492516,8,DeviceToHost,0
178,3736311059,8,DeviceToHost,14
179,1662952205,16,DeviceToHost,20
180,4161730017,8,DeviceToHost,21
181,2081958715,8,DeviceToHost,22
182,2519609651,8,DeviceToHost,23
183,148298089,4,DeviceToHost,24
184,3899617879,16,DeviceToHost,25
185,148298089,4,DeviceToHost,24
186,148298089,4,DeviceToHost,24
187,3899617879,16,DeviceToHost,25
188,148298089,4,DeviceToHost,24
189,3329948727,8,DeviceToHost,16
190,3701943709,16,DeviceToHost,0
191,1516386071,8,DeviceToHost,0
192,3736311059,8,DeviceToHost,14
193,1662952205,16,DeviceToHost,20
194,4161730017,8,DeviceToHost,21
195,2081958715,8,DeviceToHost,22
196,2519609651,8,DeviceToHost,23
197,148298089,4,DeviceToHost,24
198,3899617879,16,DeviceToHost,25
199,148298089,4,DeviceToHost,24
200,148298089,4,DeviceToHost,24
201,3899617879,16,DeviceToHost,25
202,148298089,4,DeviceToHost,24
203,3329948727,8,DeviceToHost,16
204,1546912267,16,DeviceToHost,0
205,1811997664,8,DeviceToHost,0
206,3736311059,8,DeviceToHost,14
207,1662952205,16,DeviceToHost,20
208,4161730017,8,DeviceToHost,21
209,2081958715,8,DeviceToHost,22
210,2519609651,8,DeviceToHost,23
211,148298089,4,DeviceToHost,24
212,3899617879,16,DeviceToHost,25
213,148298089,4,DeviceToHost,24
214,148298089,4,DeviceToHost,24
215,3899617879,16,DeviceToHost,25
216,148298089,4,DeviceToHost,24
217,3329948727,8,DeviceToHost,16
218,2716212629,16,DeviceToHost,0
219,3680431675,8,DeviceToHost,0
220,3736311059,8,DeviceToHost,14
221,1662952205,16,DeviceToHost,20
222,4161730017,8,DeviceToHost,21
223,2081958715,8,DeviceToHost,22
224,2519609651,8,DeviceToHost,23
225,148298089,4,DeviceToHost,24
226,3899617879,16,DeviceToHost,25
227,148298089,4,DeviceToHost,24
228,148298089,4,DeviceToHost,24
229,3899617879,16,DeviceToHost,25
230,148298089,4,DeviceToHost,24
231,3329948727,8,DeviceToHost,16
232,1005621052,16,DeviceToHost,0
233,2427486700,8,DeviceToHost,0
234,3736311059,8,DeviceToHost,14
235,1662952205,16,DeviceToHost,20
236,4161730017,8,DeviceToHost,21
237,2081958715,8,DeviceToHost,22
238,2519609651,8,DeviceToHost,23
239,148298089,4,DeviceToHost,24
240,3899617879,16,DeviceToHost,25
241,148298089,4,DeviceToHost,24
242,148298089,4,DeviceToHost,24
243,3899617879,16,DeviceToHost,25
244,148298089,4,DeviceToHost,24
245,3329948727,8,DeviceToHost,16
246,1947678533,16,DeviceToHost,0
247,872744649,8,DeviceToHost,0
248,3736311059,8,DeviceToHost,14
249,1662952205,16,DeviceToHost,20
250,4161730017,8,DeviceToHost,21
251,2081958715,8,DeviceToHost,22
252,2519609651,8,DeviceToHost,23
253,148298089,4,DeviceToHost,24
254,3899617879,16,DeviceToHost,25
255,148298089,4,DeviceToHost,24
256,148298089,4,DeviceToHost,24
257,3899617879,16,DeviceToHost,25
258,148298089,4,DeviceToHost,24
259,3329948727,8,DeviceToHost,16
260,1800019807,16,DeviceToHost,0
261,2169693529,8,DeviceToHost,0
262,3736311059,8,DeviceToHost,14
263,1662952205,16,DeviceToHost,20
264,4161730017,8,DeviceToHost,21
265,2081958715,8,DeviceToHost,22
266,2519609651,8,DeviceToHost,23
267,148298089,4,DeviceToHost,24
268,3899617879,16,DeviceToHost,25
269,148298089,4,DeviceToHost,24
270,148298089,4,DeviceToHost,24
271,3899617879,16,DeviceToHost,25
272,148298089,4,DeviceToHost,24
273,3329948727,8,DeviceToHost,16
274,3594711524,16,DeviceToHost,0
275,1182592751,8,DeviceToHost,0
276,3736311059,8,DeviceToHost,14
277,1662952205,16,DeviceToHost,20
278,4161730017,8,DeviceToHost,21
279,2081958715,8,DeviceToHost,22
280,2519609651,8,DeviceToHost,23
281,148298089,4,DeviceToHost,24
282,3899617879,16,DeviceToHost,25
283,148298089,4,DeviceToHost,24
284,148298089,4,DeviceToHost,24
285,3899617879,16,DeviceToHost,25
286,148298089,4,DeviceToHost,24
287,3329948727,8,DeviceToHost,16
288,1860977114,16,DeviceToHost,0
289,736289752,8,DeviceToHost,0
290,3736311059,8,DeviceToHost,14
291,1662952205,16,DeviceToHost,20
292,4161730017,8,DeviceToHost,21
293,2081958715,8,DeviceToHost,22
294,2519609651,8,DeviceToHost,23
295,148298089,4,DeviceToHost,24
296,3899617879,16,DeviceToHost,25
297,148298089,4,DeviceToHost,24
298,148298089,4,DeviceToHost,24
299,3899617879,16,DeviceToHost,25
300,148298089,4,DeviceToHost,24
301,4032022684,8,DeviceToHost,11
302,4152239172,8,DeviceToHost,12
303,2169336605,8,DeviceToHost,0
304,1763405152,8,DeviceToHost,0
305,395012602,8,DeviceToHost,0
306,3329948727,8,DeviceToHost,16
307,3190454326,16,DeviceToHost,0
308,187535608,8,DeviceToHost,0
309,3736311059,8,DeviceToHost,14
310,1662952205,16,DeviceToHost,20
311,4161730017,8,DeviceToHost,21
312,2081958715,8,DeviceToHost,22
313,2519609651,8,DeviceToHost,23
314,148298089,4,DeviceToHost,24
315,3899617879,16,DeviceToHost,25
316,148298089,4,DeviceToHost,24
317,148298089,4,DeviceToHost,24
318,3899617879,16,DeviceToHost,25
319,148298089,4,DeviceToHost,24
320,3329948727,8,DeviceToHost,16
321,1660795789,16,DeviceToHost,0
322,3527504076,8,DeviceToHost,0
323,3736311059,8,DeviceToHost,14
324,1662952205,16,DeviceToHost,20
325,4161730017,8,DeviceToHost,21
326,2081958715,8,DeviceToHost,22
327,2519609651,8,DeviceToHost,23
328,148298089,4,DeviceToHost,24
329,3899617879,16,DeviceToHost,25
330,148298089,4,DeviceToHost,24
331,148298089,4,DeviceToHost,24
332,3899617879,16,DeviceToHost,25
333,148298089,4,DeviceToHost,24
334,3329948727,8,DeviceToHost,16
335,802871811,16,DeviceToHost,0
336,899057244,8,DeviceToHost,0
337,3736311059,8,DeviceToHost,14
338,1662952205,16,DeviceToHost,20
339,4161730017,8,DeviceToHost,21
340,2081958715,8,DeviceToHost,22
341,2519609651,8,DeviceToHost,23
342,148298089,4,DeviceToHost,24
343,3899617879,16,DeviceToHost,25
344,148298089,4,DeviceToHost,24
345,148298089,4,DeviceToHost,24
346,3899617879,16,DeviceToHost,25
347,148298089,4,DeviceToHost,24
348,3329948727,8,DeviceToHost,16
349,684897169,16,DeviceToHost,0
350,1938193144,8,DeviceToHost,0
351,3736311059,8,DeviceToHost,14
352,1662952205,16,DeviceToHost,20
353,4161730017,8,DeviceToHost,21
354,2081958715,8,DeviceToHost,22
355,2519609651,8,DeviceToHost,23
356,148298089,4,DeviceToHost,24
357,3899617879,16,DeviceToHost,25
358,148298089,4,DeviceToHost,24
359,148298089,4,DeviceToHost,24
360,3899617879,16,DeviceToHost,25
361,148298089,4,DeviceToHost,24
362,3329948727,8,DeviceToHost,16
363,4249065225,16,DeviceToHost,0
364,4129629098,8,DeviceToHost,0
365,3736311059,8,DeviceToHost,14
366,1662952205,16,DeviceToHost,20
367,4161730017,8,DeviceToHost,21
368,2081958715,8,DeviceToHost,22
369,2519609651,8,DeviceToHost,23
370,148298089,4,DeviceToHost,24
371,3899617879,16,DeviceToHost,25
372,148298089,4,DeviceToHost,24
373,148298089,4,DeviceToHost,24
374,3899617879,16,DeviceToHost,25
375,148298089,4,DeviceToHost,24
376,3329948727,8,DeviceToHost,16
377,2423566614,16,DeviceToHost,0
378,2161933371,8,DeviceToHost,0
379,3736311059,8,DeviceToHost,14
380,1662952205,16,DeviceToHost,20
381,4161730017,8,DeviceToHost,21
382,2081958715,8,DeviceToHost,22
383,2519609651,8,DeviceToHost,23
384,148298089,4,DeviceToHost,24
385,3899617879,16,DeviceToHost,25
386,148298089,4,DeviceToHost,24
387,148298089,4,DeviceToHost,24
388,3899617879,16,DeviceToHost,25
389,148298089,4,DeviceToHost,24
390,3329948727,8,DeviceToHost,16
391,2063669223,16,DeviceToHost,0
392,3415790069,8,DeviceToHost,0
393,3736311059,8,DeviceToHost,14
394,1662952205,16,DeviceToHost,20
395,4161730017,8,DeviceToHost,21
396,2081958715,8,DeviceToHost,22
397,2519609651,8,DeviceToHost,23
398,148298089,4,DeviceToHost,24
399,3899617879,16,DeviceToHost,25
400,148298089,4,DeviceToHost,24
401,148298089,4,DeviceToHost,24
402,3899617879,16,DeviceToHost,25
403,148298089,4,DeviceToHost,24
404,3329948727,8,DeviceToHost,16
405,1003276235,16,DeviceToHost,0
406,315987842,8,DeviceToHost,0
407,3736311059,8,DeviceToHost,14
408,1662952205,16,DeviceToHost,20
409,4161730017,8,DeviceToHost,21
410,2081958715,8,DeviceToHost,22
411,2519609651,8,DeviceToHost,23
412,148298089,4,DeviceToHost,24
413,3899617879,16,DeviceToHost,25
414,148298089,4,DeviceToHost,24
415,148298089,4,DeviceToHost,24
416,3899617879,16,DeviceToHost,25
417,148298089,4,DeviceToHost,24
418,3329948727,8,DeviceToHost,16
419,1111409613,16,DeviceToHost,0
420,353989447,8,DeviceToHost,0
421,3736311059,8,DeviceToHost,14
422,1662952205,16,DeviceToHost,20
423,4161730017,8,DeviceToHost,21
424,2081958715,8,DeviceToHost,22
425,2519609651,8,DeviceToHost,23
426,148298089,4,DeviceToHost,24
427,3899617879,16,DeviceToHost,25
428,148298089,4,DeviceToHost,24
429,148298089,4,DeviceToHost,24
430,3899617879,16,DeviceToHost,25
431,148298089,4,DeviceToHost,24
432,3329948727,8,DeviceToHost,16
433,1526571235,16,DeviceToHost,0
434,345951702,8,DeviceToHost,0
435,3736311059,8,DeviceToHost,14
436,1662952205,16,DeviceToHost,20
437,4161730017,8,DeviceToHost,21
438,2081958715,8,DeviceToHost,22
439,2519609651,8,DeviceToHost,23
440,148298089,4,DeviceToHost,24
441,3899617879,16,DeviceToHost,25
442,148298089,4,DeviceToHost,24
443,148298089,4,DeviceToHost,24
444,3899617879,16,DeviceToHost,25
445,148298089,4,DeviceToHost,24
446,4032022684,8,DeviceToHost,11
447,4152239172,8,DeviceToHost,12
448,2224381890,8,DeviceToHost,0
449,568352352,8,DeviceToHost,0
450,1482782228,8,DeviceToHost,0
451,3329948727,8,DeviceToHost,16
452,3902211494,16,DeviceToHost,0
453,3013498914,8,DeviceToHost,0
454,3736311059,8,DeviceToHost,14
455,1662952205,16,DeviceToHost,20
456,4161730017,8,DeviceToHost,21
457,2081958715,8,DeviceToHost,22
458,2519609651,8,DeviceToHost,23
459,148298089,4,DeviceToHost,24
460,3899617879,16,DeviceToHost,25
461,148298089,4,DeviceToHost,24
462,148298089,4,DeviceToHost,24
463,3899617879,16,DeviceToHost,25
464,148298089,4,DeviceToHost,24
465,3329948727,8,DeviceToHost,16
466,3790203669,16,DeviceToHost,0
467,3699617597,8,DeviceToHost,0
468,3736311059,8,DeviceToHost,14
469,1662952205,16,DeviceToHost,20
470,4161730017,8,DeviceToHost,21
471,2081958715,8,DeviceToHost,22
472,2519609651,8,DeviceToHost,23
473,148298089,4,DeviceToHost,24
474,3899617879,16,DeviceToHost,25
475,148298089,4,DeviceToHost,24
476,148298089,4,DeviceToHost,24
477,3899617879,16,DeviceToHost,25
478,148298089,4,DeviceToHost,24
479,3329948727,8,DeviceToHost,16
480,1122487884,16,DeviceToHost,0
481,1607271057,8,DeviceToHost,0
482,3736311059,8,DeviceToHost,14
483,1662952205,16,DeviceToHost,20
484,4161730017,8,DeviceToHost,21
485,2081958715,8,DeviceToHost,22
486,2519609651,8,DeviceToHost,23
487,148298089,4,DeviceToHost,24
488,3899617879,16,DeviceToHost,25
489,148298089,4,DeviceToHost,24
490,148298089,4,DeviceToHost,24
491,3899617879,16,DeviceToHost,25
492,148298089,4,DeviceToHost,24
493,3329948727,8,DeviceToHost,16
494,675853771,16,DeviceToHost,0
495,3085827607,8,DeviceToHost,0
496,3736311059,8,DeviceToHost,14
497,1662952205,16,DeviceToHost,20
498,4161730017,8,DeviceToHost,21
499,2081958715,8,DeviceToHost,22
500,2519609651,8,DeviceToHost,23
501,148298089,4,DeviceToHost,24
502,3899617879,16,DeviceToHost,25
503,148298089,4,DeviceToHost,24
504,148298089,4,DeviceToHost,24
505,3899617879,16,DeviceToHost,25
506,148298089,4,DeviceToHost,24
507,3329948727,8,DeviceToHost,16
508,2212270001,16,DeviceToHost,0
509,1548877017,8,DeviceToHost,0
510,3736311059,8,DeviceToHost,14
511,1662952205,16,DeviceToHost,20
512,4161730017,8,DeviceToHost,21
513,2081958715,8,DeviceToHost,22
514,2519609651,8,DeviceToHost,23
515,148298089,4,DeviceToHost,24
516,3899617879,16,DeviceToHost,25
517,148298089,4,DeviceToHost,24
518,148298089,4,DeviceToHost,24
519,3899617879,16,DeviceToHost,25
520,148298089,4,DeviceToHost,24
521,3329948727,8,DeviceToHost,16
522,3796971289,16,DeviceToHost,0
523,723463655,8,DeviceToHost,0
524,3736311059,8,DeviceToHost,14
525,1662952205,16,DeviceToHost,20
526,4161730017,8,DeviceToHost,21
527,2081958715,8,DeviceToHost,22
528,2519609651,8,DeviceToHost,23
529,148298089,4,DeviceToHost,24
530,3899617879,16,DeviceToHost,25
531,148298089,4,DeviceToHost,24
532,148298089,4,DeviceToHost,24
533,3899617879,16,DeviceToHost,25
534,148298089,4,DeviceToHost,24
535,3329948727,8,DeviceToHost,16
536,2394938648,16,DeviceToHost,0
537,233405618,8,DeviceToHost,0
538,3736311059,8,DeviceToHost,14
539,1662952205,16,DeviceToHost,20
540,4161730017,8,DeviceToHost,21
541,2081958715,8,DeviceToHost,22
542,2519609651,8,DeviceToHost,23
543,148298089,4,DeviceToHost,24
544,3899617879,16,DeviceToHost,25
545,148298089,4,DeviceToHost,24
546,148298089,4,DeviceToHost,24
547,3899617879,16,DeviceToHost,25
548,148298089,4,DeviceToHost,24
549,3329948727,8,DeviceToHost,16
550,2024214982,16,DeviceToHost,0
551,4196716793,8,DeviceToHost,0
552,3736311059,8,DeviceToHost,14
553,1662952205,16,DeviceToHost,20
554,4161730017,8,DeviceToHost,21
555,2081958715,8,DeviceToHost,22
556,2519609651,8,DeviceToHost,23
557,148298089,4,DeviceToHost,24
558,3899617879,16,DeviceToHost,25
559,148298089,4,DeviceToHost,24
560,148298089,4,DeviceToHost,24
561,3899617879,16,DeviceToHost,25
562,148298089,4,DeviceToHost,24
563,3329948727,8,DeviceToHost,16
564,3410113575,16,DeviceToHost,0
565,2180975762,8,DeviceToHost,0
566,3736311059,8,DeviceToHost,14
567,1662952205,16,DeviceToHost,20
568,4161730017,8,DeviceToHost,21
569,2081958715,8,DeviceToHost,22
570,2519609651,8,DeviceToHost,23
571,148298089,4,DeviceToHost,24
572,3899617879,16,DeviceToHost,25
573,148298089,4,DeviceToHost,24
574,148298089,4,DeviceToHost,24
575,3899617879,16,DeviceToHost,25
576,148298089,4,DeviceToHost,24
577,3329948727,8,DeviceToHost,16
578,1426739842,16,DeviceToHost,0
579,2735233527,8,DeviceToHost,0
580,3736311059,8,DeviceToHost,14
581,1662952205,16,DeviceToHost,20
582,4161730017,8,DeviceToHost,21
583,2081958715,8,DeviceToHost,22
584,2519609651,8,DeviceToHost,23
585,148298089,4,DeviceToHost,24
586,3899617879,16,DeviceToHost,25
587,148298089,4,DeviceToHost,24
588,148298089,4,DeviceToHost,24
589,3899617879,16,DeviceToHost,25
590,148298089,4,DeviceToHost,24
591,4032022684,8,DeviceToHost,11
592,1588591777,8,DeviceToHost,0
593,1925030220,8,DeviceToHost,0
594,2597499832,8,DeviceToHost,0
595,4203904969,8,DeviceToHost,0
596,3329948727,8,DeviceToHost,16
597,263938337,16,DeviceToHost,0
598,1475338023,8,DeviceToHost,0
599,3736311059,8,DeviceToHost,14
600,1662952205,16,DeviceToHost,20
601,4161730017,8,DeviceToHost,21
602,2081958715,8,DeviceToHost,22
603,2519609651,8,DeviceToHost,23
604,148298089,4,DeviceToHost,24
605,3899617879,16,DeviceToHost,25
606,148298089,4,DeviceToHost,24
607,148298089,4,DeviceToHost,24
608,3899617879,16,DeviceToHost,25
609,148298089,4,DeviceToHost,24
610,3329948727,8,DeviceToHost,16
611,4291554294,16,DeviceToHost,0
612,2834617567,8,DeviceToHost,0
613,3736311059,8,DeviceToHost,14
614,1662952205,16,DeviceToHost,20
615,4161730017,8,DeviceToHost,21
616,2081958715,8,DeviceToHost,22
617,2519609651,8,DeviceToHost,23
618,148298089,4,DeviceToHost,24
619,3899617879,16,DeviceToHost,25
620,148298089,4,DeviceToHost,24
621,148298089,4,DeviceToHost,24
622,3899617879,16,DeviceToHost,25
623,148298089,4,DeviceToHost,24
624,3329948727,8,DeviceToHost,16
625,3882357274,16,DeviceToHost,0
626,2030822589,8,DeviceToHost,0
627,3736311059,8,DeviceToHost,14
628,1662952205,16,DeviceToHost,20
629,4161730017,8,DeviceToHost,21
630,2081958715,8,DeviceToHost,22
631,2519609651,8,DeviceToHost,23
632,148298089,4,DeviceToHost,24
633,3899617879,16,DeviceToHost,25
634,148298089,4,DeviceToHost,24
635,148298089,4,DeviceToHost,24
636,3899617879,16,DeviceToHost,25
637,148298089,4,DeviceToHost,24
638,3329948727,8,DeviceToHost,16
639,3292300974,16,DeviceToHost,0
640,230643070,8,DeviceToHost,0
641,3736311059,8,DeviceToHost,14
642,1662952205,16,DeviceToHost,20
643,4161730017,8,DeviceToHost,21
644,2081958715,8,DeviceToHost,22
645,2519609651,8,DeviceToHost,23
646,148298089,4,DeviceToHost,24
647,3899617879,16,DeviceToHost,25
648,148298089,4,DeviceToHost,24
649,148298089,4,DeviceToHost,24
650,3899617879,16,DeviceToHost,25
651,148298089,4,DeviceToHost,24
652,3329948727,8,DeviceToHost,16
653,4293628987,16,DeviceToHost,0
654,1194931769,8,DeviceToHost,0
655,3736311059,8,DeviceToHost,14
656,1662952205,16,DeviceToHost,20
657,4161730017,8,DeviceToHost,21
658,2081958715,8,DeviceToHost,22
659,2519609651,8,DeviceToHost,23
660,148298089,4,DeviceToHost,24
661,3899617879,16,DeviceToHost,25
662,148298089,4,DeviceToHost,24
663,148298089,4,DeviceToHost,24
664,3899617879,16,DeviceToHost,25
665,148298089,4,DeviceToHost,24
666,3329948727,8,DeviceToHost,16
667,2973373119,16,DeviceToHost,0
668,1901103805,8,DeviceToHost,0
669,3736311059,8,DeviceToHost,14
670,1662952205,16,DeviceToHost,20
671,4161730017,8,DeviceToHost,21
672,2081958715,8,DeviceToHost,22
673,2519609651,8,DeviceToHost,23
674,148298089,4,DeviceToHost,24
675,3899617879,16,DeviceToHost,25
676,148298089,4,DeviceToHost,24
677,148298089,4,DeviceToHost,24
678,3899617879,16,DeviceToHost,25
679,148298089,4,DeviceToHost,24
680,3329948727,8,DeviceToHost,16
681,3804642357,16,DeviceToHost,0
682,1363873257,8,DeviceToHost,0
683,3736311059,8,DeviceToHost,14
684,1662952205,16,DeviceToHost,20
685,4161730017,8,DeviceToHost,21
686,2081958715,8,DeviceToHost,22
687,2519609651,8,DeviceToHost,23
688,148298089,4,DeviceToHost,24
689,3899617879,16,DeviceToHost,25
690,148298089,4,DeviceToHost,24
691,148298089,4,DeviceToHost,24
692,3899617879,16,DeviceToHost,25
693,148298089,4,DeviceToHost,24
694,3329948727,8,DeviceToHost,16
695,1433389983,16,DeviceToHost,0
696,879585966,8,DeviceToHost,0
697,3736311059,8,DeviceToHost,14
698,1662952205,16,DeviceToHost,20
699,4161730017,8,DeviceToHost,21
700,2081958715,8,DeviceToHost,22
701,2519609651,8,DeviceToHost,23
702,148298089,4,DeviceToHost,24
703,3899617879,16,DeviceToHost,25
704,148298089,4,DeviceToHost,24
705,148298089,4,DeviceToHost,24
706,3899617879,16,DeviceToHost,25
707,148298089,4,DeviceToHost,24
708,3329948727,8,DeviceToHost,16
709,28170630,16,DeviceToHost,0
710,3499223130,8,DeviceToHost,0
711,3736311059,8,DeviceToHost,14
712,1662952205,16,DeviceToHost,20
713,4161730017,8,DeviceToHost,21
714,2081958715,8,DeviceToHost,22
715,2519609651,8,DeviceToHost,23
716,148298089,4,DeviceToHost,24
717,3899617879,16,DeviceToHost,25
718,148298089,4,DeviceToHost,24
719,148298089,4,DeviceToHost,24
720,3899617879,16,DeviceToHost,25
721,148298089,4,DeviceToHost,24
722,3329948727,8,DeviceToHost,16
723,1354422088,16,DeviceToHost,0
724,3392278368,8,DeviceToHost,0
725,3736311059,8,DeviceToHost,14
726,1662952205,16,DeviceToHost,20
727,4161730017,8,DeviceToHost,21
728,2081958715,8,DeviceToHost,22
729,2519609651,8,DeviceToHost,23
730,148298089,4,DeviceToHost,24
731,3899617879,16,DeviceToHost,25
732,148298089,4,DeviceToHost,24
733,148298089,4,DeviceToHost,24
734,3899617879,16,DeviceToHost,25
735,148298089,4,DeviceToHost,24
736,4032022684,8,DeviceToHost,11
737,4152239172,8,DeviceToHost,12
738,4080434003,8,DeviceToHost,0
739,1835504100,8,DeviceToHost,0
740,4103491633,8,DeviceToHost,0
741,3329948727,8,DeviceToHost,16
742,2496741655,16,DeviceToHost,0
743,3650587487,8,DeviceToHost,0
744,3736311059,8,DeviceToHost,14
745,1662952205,16,DeviceToHost,20
746,4161730017,8,DeviceToHost,21
747,2081958715,8,DeviceToHost,22
748,2519609651,8,DeviceToHost,23
749,148298089,4,DeviceToHost,24
750,3899617879,16,DeviceToHost,25
751,148298089,4,DeviceToHost,24
752,148298089,4,DeviceToHost,24
753,3899617879,16,DeviceToHost,25
754,148298089,4,DeviceToHost,24
755,3329948727,8,DeviceToHost,16
756,2220617323,16,DeviceToHost,0
757,1279478859,8,DeviceToHost,0
758,3736311059,8,DeviceToHost,14
759,1662952205,16,DeviceToHost,20
760,4161730017,8,DeviceToHost,21
761,2081958715,8,DeviceToHost,22
762,2519609651,8,DeviceToHost,23
763,148298089,4,DeviceToHost,24
764,3899617879,16,DeviceToHost,25
765,148298089,4,DeviceToHost,24
766,148298089,4,DeviceToHost,24
767,3899617879,16,DeviceToHost,25
768,148298089,4,DeviceToHost,24
769,3329948727,8,DeviceToHost,16
770,1459372870,16,DeviceToHost,0
771,3687370071,8,DeviceToHost,0
772,3736311059,8,DeviceToHost,14
773,1662952205,16,DeviceToHost,20
774,4161730017,8,DeviceToHost,21
775,2081958715,8,DeviceToHost,22
776,2519609651,8,DeviceToHost,23
777,148298089,4,DeviceToHost,24
778,3899617879,16,DeviceToHost,25
779,148298089,4,DeviceToHost,24
780,148298089,4,DeviceToHost,24
781,3899617879,16,DeviceToHost,25
782,148298089,4,DeviceToHost,24
783,3329948727,8,DeviceToHost,16
784,1255405774,16,DeviceToHost,0
785,3899374443,8,DeviceToHost,0
786,3736311059,8,DeviceToHost,14
787,1662952205,16,DeviceToHost,20
788,4161730017,8,DeviceToHost,21
789,2081958715,8,DeviceToHost,22
790,2519609651,8,DeviceToHost,23
791,148298089,4,DeviceToHost,24
792,3899617879,16,DeviceToHost,25
793,148298089,4,DeviceToHost,24
794,148298089,4,DeviceToHost,24
795,3899617879,16,DeviceToHost,25
796,148298089,4,DeviceToHost,24
797,3329948727,8,DeviceToHost,16
798,1352312636,16,DeviceToHost,0
799,1472108805,8,DeviceToHost,0
800,3736311059,8,DeviceToHost,14
801,1662952205,16,DeviceToHost,20
802,4161730017,8,DeviceToHost,21
803,2081958715,8,DeviceToHost,22
804,2519609651,8,DeviceToHost,23
805,148298089,4,DeviceToHost,24
806,3899617879,16,DeviceToHost,25
807,148298089,4,DeviceToHost,24
808,148298089,4,DeviceToHost,24
809,3899617879,16,DeviceToHost,25
810,148298089,4,DeviceToHost,24
811,3329948727,8,DeviceToHost,16
812,1532332858,16,DeviceToHost,0
813,393412051,8,DeviceToHost,0
814,3736311059,8,DeviceToHost,14
815,1662952205,16,DeviceToHost,20
816,4161730017,8,DeviceToHost,21
817,2081958715,8,DeviceToHost,22
818,2519609651,8,DeviceToHost,23
819,148298089,4,DeviceToHost,24
820,3899617879,16,DeviceToHost,25
821,148298089,4,DeviceToHost,24
822,148298089,4,DeviceToHost,24
823,3899617879,16,DeviceToHost,25
824,148298089,4,DeviceToHost,24
825,3329948727,8,DeviceToHost,16
826,2060073128,16,DeviceToHost,0
827,399938135,8,DeviceToHost,0
828,3736311059,8,DeviceToHost,14
829,1662952205,16,DeviceToHost,20
830,4161730017,8,DeviceToHost,21
831,2081958715,8,DeviceToHost,22
832,2519609651,8,DeviceToHost,23
833,148298089,4,DeviceToHost,24
834,3899617879,16,DeviceToHost,25
835,148298089,4,DeviceToHost,24
836,148298089,4,DeviceToHost,24
837,3899617879,16,DeviceToHost,25
838,148298089,4,DeviceToHost,24
839,3329948727,8,DeviceToHost,16
840,1798636723,16,DeviceToHost,0
841,4046566830,8,DeviceToHost,0
842,3736311059,8,DeviceToHost,14
843,1662952205,16,DeviceToHost,20
844,4161730017,8,DeviceToHost,21
845,2081958715,8,DeviceToHost,22
846,2519609651,8,DeviceToHost,23
847,148298089,4,DeviceToHost,24
848,3899617879,16,DeviceToHost,25
849,148298089,4,DeviceToHost,24
850,148298089,4,DeviceToHost,24
851,3899617879,16,DeviceToHost,25
852,148298089,4,DeviceToHost,24
853,3329948727,8,DeviceToHost,16
854,1490466032,16,DeviceToHost,0
855,2045372250,8,DeviceToHost,0
856,3736311059,8,DeviceToHost,14
857,1662952205,16,DeviceToHost,20
858,4161730017,8,DeviceToHost,21
859,2081958715,8,DeviceToHost,22
860,2519609651,8,DeviceToHost,23
861,148298089,4,DeviceToHost,24
862,3899617879,16,DeviceToHost,25
863,148298089,4,DeviceToHost,24
864,148298089,4,DeviceToHost,24
865,3899617879,16,DeviceToHost,25
866,148298089,4,DeviceToHost,24
867,3329948727,8,DeviceToHost,16
868,328963480,16,DeviceToHost,0
869,4010865326,8,DeviceToHost,0
870,3736311059,8,DeviceToHost,14
871,1662952205,16,DeviceToHost,20
872,4161730017,8,DeviceToHost,21
873,2081958715,8,DeviceToHost,22
874,2519609651,8,DeviceToHost,23
875,148298089,4,DeviceToHost,24
876,3899617879,16,DeviceToHost,25
877,148298089,4,DeviceToHost,24
878,148298089,4,DeviceToHost,24
879,3899617879,16,DeviceToHost,25
880,148298089,4,DeviceToHost,24
881,4032022684,8,DeviceToHost,11
882,4152239172,8,DeviceToHost,12
883,488380916,8,DeviceToHost,0
884,1017607836,8,DeviceToHost,0
885,1620405336,8,DeviceToHost,0
886,3329948727,8,DeviceToHost,16
887,1857917419,16,DeviceToHost,0
888,2698504833,8,DeviceToHost,0
889,3736311059,8,DeviceToHost,14
890,1662952205,16,DeviceToHost,20
891,4161730017,8,DeviceToHost,21
892,2081958715,8,DeviceToHost,22
893,2519609651,8,DeviceToHost,23
894,148298089,4,DeviceToHost,24
895,3899617879,16,DeviceToHost,25
896,148298089,4,DeviceToHost,24
897,148298089,4,DeviceToHost,24
898,3899617879,16,DeviceToHost,25
899,148298089,4,DeviceToHost,24
900,3329948727,8,DeviceToHost,16
901,3584586200,16,DeviceToHost,0
902,1082277567,8,DeviceToHost,0
903,3736311059,8,DeviceToHost,14
904,1662952205,16,DeviceToHost,20
905,4161730017,8,DeviceToHost,21
906,2081958715,8,DeviceToHost,22
907,2519609651,8,DeviceToHost,23
908,148298089,4,DeviceToHost,24
909,3899617879,16,DeviceToHost,25
910,148298089,4,DeviceToHost,24
911,148298089,4,DeviceToHost,24
912,3899617879,16,DeviceToHost,25
913,148298089,4,DeviceToHost,24
914,3329948727,8,DeviceToHost,16
915,2878546071,16,DeviceToHost,0
916,1663570166,8,DeviceToHost,0
917,3736311059,8,DeviceToHost,14
918,1662952205,16,DeviceToHost,20
919,4161730017,8,DeviceToHost,21
920,2081958715,8,DeviceToHost,22
921,2519609651,8,DeviceToHost,23
922,148298089,4,DeviceToHost,24
923,3899617879,16,DeviceToHost,25
924,148298089,4,DeviceToHost,24
925,148298089,4,DeviceToHost,24
926,3899617879,16,DeviceToHost,25
927,148298089,4,DeviceToHost,24
928,3329948727,8,DeviceToHost,16
929,3973407144,16,DeviceToHost,0
930,924415749,8,DeviceToHost,0
931,3736311059,8,DeviceToHost,14
932,1662952205,16,DeviceToHost,20
933,4161730017,8,DeviceToHost,21
934,2081958715,8,DeviceToHost,22
935,2519609651,8,DeviceToHost,23
936,148298089,4,DeviceToHost,24
937,3899617879,16,DeviceToHost,25
938,148298089,4,DeviceToHost,24
939,148298089,4,DeviceToHost,24
940,3899617879,16,DeviceToHost,25
941,148298089,4,DeviceToHost,24
942,3329948727,8,DeviceToHost,16
943,2664835227,16,DeviceToHost,0
944,762232136,8,DeviceToHost,0
945,3736311059,8,DeviceToHost,14
946,1662952205,16,DeviceToHost,20
947,4161730017,8,DeviceToHost,21
948,2081958715,8,DeviceToHost,22
949,2519609651,8,DeviceToHost,23
950,148298089,4,DeviceToHost,24
951,3899617879,16,DeviceToHost,25
952,148298089,4,DeviceToHost,24
953,148298089,4,DeviceToHost,24
954,3899617879,16,DeviceToHost,25
955,148298089,4,DeviceToHost,24
956,3329948727,8,DeviceToHost,16
957,3570565097,16,DeviceToHost,0
958,3931725544,8,DeviceToHost,0
959,3736311059,8,DeviceToHost,14
960,1662952205,16,DeviceToHost,20
961,4161730017,8,DeviceToHost,21
962,2081958715,8,DeviceToHost,22
963,2519609651,8,DeviceToHost,23
964,148298089,4,DeviceToHost,24
965,3899617879,16,DeviceToHost,25
966,148298089,4,DeviceToHost,24
967,148298089,4,DeviceToHost,24
968,3899617879,16,DeviceToHost,25
969,148298089,4,DeviceToHost,24
970,3329948727,8,DeviceToHost,16
971,2103201845,16,DeviceToHost,0
972,685614575,8,DeviceToHost,0
973,3736311059,8,DeviceToHost,14
974,1662952205,16,DeviceToHost,20
975,4161730017,8,DeviceToHost,21
976,2081958715,8,DeviceToHost,22
977,2519609651,8,DeviceToHost,23
978,148298089,4,DeviceToHost,24
979,3899617879,16,DeviceToHost,25
980,148298089,4,DeviceToHost,24
981,148298089,4,DeviceToHost,24
982,3899617879,16,DeviceToHost,25
983,148298089,4,DeviceToHost,24
984,3329948727,8,DeviceToHost,16
985,420030056,16,DeviceToHost,0
986,713353742,8,DeviceToHost,0
987,3736311059,8,DeviceToHost,14
988,1662952205,16,DeviceToHost,20
989,4161730017,8,DeviceToHost,21
990,2081958715,8,DeviceToHost,22
991,2519609651,8,DeviceToHost,23
992,148298089,4,DeviceToHost,24
993,3899617879,16,DeviceToHost,25
994,148298089,4,DeviceToHost,24
995,148298089,4,DeviceToHost,24
996,3899617879,16,DeviceToHost,25
997,148298089,4,DeviceToHost,24
998,3329948727,8,DeviceToHost,16
999,4285851430,16,DeviceToHost,0
1000,3335324311,8,DeviceToHost,0
1001,3736311059,8,DeviceToHost,14
1002,1662952205,16,DeviceToHost,20
1003,4161730017,8,DeviceToHost,21
1004,2081958715,8,DeviceToHost,22
1005,2519609651,8,DeviceToHost,23
1006,148298089,4,DeviceToHost,24
1007,3899617879,16,DeviceToHost,25
1008,148298089,4,DeviceToHost,24
1009,148298089,4,DeviceToHost,24
1010,3899617879,16,DeviceToHost,25
1011,148298089,4,DeviceToHost,24
1012,3329948727,8,DeviceToHost,16
1013,491929231,16,DeviceToHost,0
1014,3558299919,8,DeviceToHost,0
1015,3736311059,8,DeviceToHost,14
1016,1662952205,16,DeviceToHost,20
1017,4161730017,8,DeviceToHost,21
1018,2081958715,8,DeviceToHost,22
1019,2519609651,8,DeviceToHost,23
1020,148298089,4,DeviceToHost,24
1021,3899617879,16,DeviceToHost,25
1022,148298089,4,DeviceToHost,24
1023,148298089,4,DeviceToHost,24
1024,3899617879,16,DeviceToHost,25
1025,148298089,4,DeviceToHost,24
1026,4032022684,8,DeviceToHost,11
1027,1588591777,8,DeviceToHost,592
1028,83096384,8,DeviceToHost,0
1029,424535934,8,DeviceToHost,0
1030,3377669725,8,DeviceToHost,0
1031,3329948727,8,DeviceToHost,16
1032,2168608830,16,DeviceToHost,0
1033,3438464537,8,DeviceToHost,0
1034,3736311059,8,DeviceToHost,14
1035,1662952205,16,DeviceToHost,20
1036,4161730017,8,DeviceToHost,21
1037,2081958715,8,DeviceToHost,22
1038,2519609651,8,DeviceToHost,23
1039,148298089,4,DeviceToHost,24
1040,3899617879,16,DeviceToHost,25
1041,148298089,4,DeviceToHost,24
1042,148298089,4,DeviceToHost,24
1043,3899617879,16,DeviceToHost,25
1044,148298089,4,DeviceToHost,24
1045,3329948727,8,DeviceToHost,16
1046,2546210249,16,DeviceToHost,0
1047,2630573281,8,DeviceToHost,0
1048,3736311059,8,DeviceToHost,14
1049,1662952205,16,DeviceToHost,20
1050,4161730017,8,DeviceToHost,21
1051,2081958715,8,DeviceToHost,22
1052,2519609651,8,DeviceToHost,23
1053,148298089,4,DeviceToHost,24
1054,3899617879,16,DeviceToHost,25
1055,148298089,4,DeviceToHost,24
1056,148298089,4,DeviceToHost,24
1057,3899617879,16,DeviceToHost,25
1058,148298089,4,DeviceToHost,24
1059,3329948727,8,DeviceToHost,16
1060,1429698207,16,DeviceToHost,0
1061,1438921503,8,DeviceToHost,0
1062,3736311059,8,DeviceToHost,14
1063,1662952205,16,DeviceToHost,20
1064,4161730017,8,DeviceToHost,21
1065,2081958715,8,DeviceToHost,22
1066,2519609651,8,DeviceToHost,23
1067,148298089,4,DeviceToHost,24
1068,3899617879,16,DeviceToHost,25
1069,148298089,4,DeviceToHost,24
1070,148298089,4,DeviceToHost,24
1071,3899617879,16,DeviceToHost,25
1072,148298089,4,DeviceToHost,24
1073,3329948727,8,DeviceToHost,16
1074,3853698372,16,DeviceToHost,0
1075,3255026055,8,DeviceToHost,0
1076,3736311059,8,DeviceToHost,14
1077,1662952205,16,DeviceToHost,20
1078,4161730017,8,DeviceToHost,21
1079,2081958715,8,DeviceToHost,22
1080,2519609651,8,DeviceToHost,23
1081,148298089,4,DeviceToHost,24
1082,3899617879,16,DeviceToHost,25
1083,148298089,4,DeviceToHost,24
1084,148298089,4,DeviceToHost,24
1085,3899617879,16,DeviceToHost,25
1086,148298089,4,DeviceToHost,24
1087,3329948727,8,DeviceToHost,16
1088,2456902602,16,DeviceToHost,0
1089,552246592,8,DeviceToHost,0
1090,3736311059,8,DeviceToHost,14
1091,1662952205,16,DeviceToHost,20
1092,4161730017,8,DeviceToHost,21
1093,2081958715,8,DeviceToHost,22
1094,2519609651,8,DeviceToHost,23
1095,148298089,4,DeviceToHost,24
1096,3899617879,16,DeviceToHost,25
1097,148298089,4,DeviceToHost,24
1098,148298089,4,DeviceToHost,24
1099,3899617879,16,DeviceToHost,25
1100,148298089,4,DeviceToHost,24
1101,3329948727,8,DeviceToHost,16
1102,2234218101,16,DeviceToHost,0
1103,3595803256,8,DeviceToHost,0
1104,3736311059,8,DeviceToHost,14
1105,1662952205,16,DeviceToHost,20
1106,4161730017,8,DeviceToHost,21
1107,2081958715,8,DeviceToHost,22
1108,2519609651,8,DeviceToHost,23
1109,148298089,4,DeviceToHost,24
1110,3899617879,16,DeviceToHost,25
1111,148298089,4,DeviceToHost,24
1112,148298089,4,DeviceToHost,24
1113,3899617879,16,DeviceToHost,25
1114,148298089,4,DeviceToHost,24
1115,3329948727,8,DeviceToHost,16
1116,650183544,16,DeviceToHost,0
1117,3496713847,8,DeviceToHost,0
1118,3736311059,8,DeviceToHost,14
1119,1662952205,16,DeviceToHost,20
1120,4161730017,8,DeviceToHost,21
1121,2081958715,8,DeviceToHost,22
1122,2519609651,8,DeviceToHost,23
1123,148298089,4,DeviceToHost,24
1124,3899617879,16,DeviceToHost,25
1125,148298089,4,DeviceToHost,24
1126,148298089,4,DeviceToHost,24
1127,3899617879,16,DeviceToHost,25
1128,148298089,4,DeviceToHost,24
1129,3329948727,8,DeviceToHost,16
1130,430837299,16,DeviceToHost,0
1131,2667721205,8,DeviceToHost,0
1132,3736311059,8,DeviceToHost,14
1133,1662952205,16,DeviceToHost,20
1134,4161730017,8,DeviceToHost,21
1135,2081958715,8,DeviceToHost,22
1136,2519609651,8,DeviceToHost,23
1137,148298089,4,DeviceToHost,24
1138,3899617879,16,DeviceToHost,25
1139,148298089,4,DeviceToHost,24
1140,148298089,4,DeviceToHost,24
1141,3899617879,16,DeviceToHost,25
1142,148298089,4,DeviceToHost,24
1143,3329948727,8,DeviceToHost,16
1144,1815020931,16,DeviceToHost,0
1145,2121504877,8,DeviceToHost,0
1146,3736311059,8,DeviceToHost,14
1147,1662952205,16,DeviceToHost,20
1148,4161730017,8,DeviceToHost,21
1149,2081958715,8,DeviceToHost,22
1150,2519609651,8,DeviceToHost,23
1151,148298089,4,DeviceToHost,24
1152,3899617879,16,DeviceToHost,25
1153,148298089,4,DeviceToHost,24
1154,148298089,4,DeviceToHost,24
1155,3899617879,16,DeviceToHost,25
1156,148298089,4,DeviceToHost,24
1157,3329948727,8,DeviceToHost,16
1158,2073809398,16,DeviceToHost,0
1159,1420468460,8,DeviceToHost,0
1160,3736311059,8,DeviceToHost,14
1161,1662952205,16,DeviceToHost,20
1162,4161730017,8,DeviceToHost,21
1163,2081958715,8,DeviceToHost,22
1164,2519609651,8,DeviceToHost,23
1165,148298089,4,DeviceToHost,24
1166,3899617879,16,DeviceToHost,25
1167,148298089,4,DeviceToHost,24
1168,148298089,4,DeviceToHost,24
1169,3899617879,16,DeviceToHost,25
1170,148298089,4,DeviceToHost,24
1171,4032022684,8,DeviceToHost,11
1172,4152239172,8,DeviceToHost,12
1173,3561808552,8,DeviceToHost,0
1174,1830232758,8,DeviceToHost,0
1175,3257090153,8,DeviceToHost,0
1176,3329948727,8,DeviceToHost,16
1177,743824848,16,DeviceToHost,0
1178,82846535,8,DeviceToHost,0
1179,3736311059,8,DeviceToHost,14
1180,1662952205,16,DeviceToHost,20
1181,4161730017,8,DeviceToHost,21
1182,2081958715,8,DeviceToHost,22
1183,2519609651,8,DeviceToHost,23
1184,148298089,4,DeviceToHost,24
1185,3899617879,16,DeviceToHost,25
1186,148298089,4,DeviceToHost,24
1187,148298089,4,DeviceToHost,24
1188,3899617879,16,DeviceToHost,25
1189,148298089,4,DeviceToHost,24
1190,3329948727,8,DeviceToHost,16
1191,1019421105,16,DeviceToHost,0
1192,876140497,8,DeviceToHost,0
1193,3736311059,8,DeviceToHost,14
1194,1662952205,16,DeviceToHost,20
1195,4161730017,8,DeviceToHost,21
1196,2081958715,8,DeviceToHost,22
1197,2519609651,8,DeviceToHost,23
1198,148298089,4,DeviceToHost,24
1199,3899617879,16,DeviceToHost,25
1200,148298089,4,DeviceToHost,24
1201,148298089,4,DeviceToHost,24
1202,3899617879,16,DeviceToHost,25
1203,148298089,4,DeviceToHost,24
1204,3329948727,8,DeviceToHost,16
1205,2873906264,16,DeviceToHost,0
1206,4283193569,8,DeviceToHost,0
1207,3736311059,8,DeviceToHost,14
1208,1662952205,16,DeviceToHost,20
1209,4161730017,8,DeviceToHost,21
1210,2081958715,8,DeviceToHost,22
1211,2519609651,8,DeviceToHost,23
1212,148298089,4,DeviceToHost,24
1213,3899617879,16,DeviceToHost,25
1214,148298089,4,DeviceToHost,24
1215,148298089,4,DeviceToHost,24
1216,3899617879,16,DeviceToHost,25
1217,148298089,4,DeviceToHost,24
1218,3329948727,8,DeviceToHost,16
1219,418498780,16,DeviceToHost,0
1220,3030690803,8,DeviceToHost,0
1221,3736311059,8,DeviceToHost,14
1222,1662952205,16,DeviceToHost,20
1223,4161730017,8,DeviceToHost,21
1224,2081958715,8,DeviceToHost,22
1225,2519609651,8,DeviceToHost,23
1226,148298089,4,DeviceToHost,24
1227,3899617879,16,DeviceToHost,25
1228,148298089,4,DeviceToHost,24
1229,148298089,4,DeviceToHost,24
1230,3899617879,16,DeviceToHost,25
1231,148298089,4,DeviceToHost,24
1232,3329948727,8,DeviceToHost,16
1233,2044567244,16,DeviceToHost,0
1234,2068133984,8,DeviceToHost,0
1235,3736311059,8,DeviceToHost,14
1236,1662952205,16,DeviceToHost,20
1237,4161730017,8,DeviceToHost,21
1238,2081958715,8,DeviceToHost,22
1239,2519609651,8,DeviceToHost,23
1240,148298089,4,DeviceToHost,24
1241,3899617879,16,DeviceToHost,25
1242,148298089,4,DeviceToHost,24
1243,148298089,4,DeviceToHost,24
1244,3899617879,16,DeviceToHost,25
1245,148298089,4,DeviceToHost,24
1246,3329948727,8,DeviceToHost,16
1247,2653801295,16,DeviceToHost,0
1248,311926772,8,DeviceToHost,0
1249,3736311059,8,DeviceToHost,14
1250,1662952205,16,DeviceToHost,20
1251,4161730017,8,DeviceToHost,21
1252,2081958715,8,DeviceToHost,22
1253,2519609651,8,DeviceToHost,23
1254,148298089,4,DeviceToHost,24
1255,3899617879,16,DeviceToHost,25
1256,148298089,4,DeviceToHost,24
1257,148298089,4,DeviceToHost,24
1258,3899617879,16,DeviceToHost,25
1259,148298089,4,DeviceToHost,24
1260,3329948727,8,DeviceToHost,16
1261,3874092179,16,DeviceToHost,0
1262,3868883958,8,DeviceToHost,0
1263,3736311059,8,DeviceToHost,14
1264,1662952205,16,DeviceToHost,20
1265,4161730017,8,DeviceToHost,21
1266,2081958715,8,DeviceToHost,22
1267,2519609651,8,DeviceToHost,23
1268,148298089,4,DeviceToHost,24
1269,3899617879,16,DeviceToHost,25
1270,148298089,4,DeviceToHost,24
1271,148298089,4,DeviceToHost,24
1272,3899617879,16,DeviceToHost,25
1273,148298089,4,DeviceToHost,24
1274,4032022684,8,DeviceToHost,11
1275,4152239172,8,DeviceToHost,12
1276,1911092286,8,DeviceToHost,0
1277,3990972497,8,DeviceToHost,0
1278,915862077,8,DeviceToHost,0
