1,16,1,3860,3860,46912578336608
2,16,1,3860,3860,46912578336608
3,16,1,3860,3860,46912578336608
4,16,1,3860,3860,46912578336608
5,16,1,3860,3860,46912578336608
6,16,1,3860,3860,46912578336608
7,16,1,3860,3860,46912578336608
8,16,1,3860,3860,46912578336608
9,16,1,3860,3860,46912578336608
10,8,1,3860,3860,46912578336608
11,8,1,3860,3860,46912578336608
12,8,1,3860,3860,46912578336608
13,8,1,3860,3860,46912578336608
14,8,1,3860,3860,46912578336608
15,8,1,3860,3860,46912578336608
16,8,1,3860,3860,46912578336608
17,16,1,3860,3860,46912578336608
18,8,1,3860,3860,46912578336608
19,8,1,3860,3860,46912578336608
20,16,1,3860,3860,46912578336608
21,8,1,3860,3860,46912578336608
22,8,1,3860,3860,46912578336608
23,8,1,3860,3860,46912578336608
24,4,1,3860,3860,46912578336608
25,16,1,3860,3860,46912578336608
26,4,1,3860,3860,46912578336608
27,4,1,3860,3860,46912578336608
28,16,1,3860,3860,46912578336608
29,4,1,3860,3860,46912578336608
30,8,1,3860,3860,46912578336608
31,16,1,3860,3860,46912578336608
32,8,1,3860,3860,46912578336608
33,8,1,3860,3860,46912578336608
34,16,1,3860,3860,46912578336608
35,8,1,3860,3860,46912578336608
36,8,1,3860,3860,46912578336608
37,8,1,3860,3860,46912578336608
38,4,1,3860,3860,46912578336608
39,16,1,3860,3860,46912578336608
40,4,1,3860,3860,46912578336608
41,4,1,3860,3860,46912578336608
42,16,1,3860,3860,46912578336608
43,4,1,3860,3860,46912578336608
44,8,1,3860,3860,46912578336608
45,16,1,3860,3860,46912578336608
46,8,1,3860,3860,46912578336608
47,8,1,3860,3860,46912578336608
48,16,1,3860,3860,46912578336608
49,8,1,3860,3860,46912578336608
50,8,1,3860,3860,46912578336608
51,8,1,3860,3860,46912578336608
52,4,1,3860,3860,46912578336608
53,16,1,3860,3860,46912578336608
54,4,1,3860,3860,46912578336608
55,4,1,3860,3860,46912578336608
56,16,1,3860,3860,46912578336608
57,4,1,3860,3860,46912578336608
58,8,1,3860,3860,46912578336608
59,16,1,3860,3860,46912578336608
60,8,1,3860,3860,46912578336608
61,8,1,3860,3860,46912578336608
62,16,1,3860,3860,46912578336608
63,8,1,3860,3860,46912578336608
64,8,1,3860,3860,46912578336608
65,8,1,3860,3860,46912578336608
66,4,1,3860,3860,46912578336608
67,16,1,3860,3860,46912578336608
68,4,1,3860,3860,46912578336608
69,4,1,3860,3860,46912578336608
70,16,1,3860,3860,46912578336608
71,4,1,3860,3860,46912578336608
72,8,1,3860,3860,46912578336608
73,16,1,3860,3860,46912578336608
74,8,1,3860,3860,46912578336608
75,8,1,3860,3860,46912578336608
76,16,1,3860,3860,46912578336608
77,8,1,3860,3860,46912578336608
78,8,1,3860,3860,46912578336608
79,8,1,3860,3860,46912578336608
80,4,1,3860,3860,46912578336608
81,16,1,3860,3860,46912578336608
82,4,1,3860,3860,46912578336608
83,4,1,3860,3860,46912578336608
84,16,1,3860,3860,46912578336608
85,4,1,3860,3860,46912578336608
86,8,1,3860,3860,46912578336608
87,16,1,3860,3860,46912578336608
88,8,1,3860,3860,46912578336608
89,8,1,3860,3860,46912578336608
90,16,1,3860,3860,46912578336608
91,8,1,3860,3860,46912578336608
92,8,1,3860,3860,46912578336608
93,8,1,3860,3860,46912578336608
94,4,1,3860,3860,46912578336608
95,16,1,3860,3860,46912578336608
96,4,1,3860,3860,46912578336608
97,4,1,3860,3860,46912578336608
98,16,1,3860,3860,46912578336608
99,4,1,3860,3860,46912578336608
100,8,1,3860,3860,46912578336608
101,16,1,3860,3860,46912578336608
102,8,1,3860,3860,46912578336608
103,8,1,3860,3860,46912578336608
104,16,1,3860,3860,46912578336608
105,8,1,3860,3860,46912578336608
106,8,1,3860,3860,46912578336608
107,8,1,3860,3860,46912578336608
108,4,1,3860,3860,46912578336608
109,16,1,3860,3860,46912578336608
110,4,1,3860,3860,46912578336608
111,4,1,3860,3860,46912578336608
112,16,1,3860,3860,46912578336608
113,4,1,3860,3860,46912578336608
114,8,1,3860,3860,46912578336608
115,16,1,3860,3860,46912578336608
116,8,1,3860,3860,46912578336608
117,8,1,3860,3860,46912578336608
118,16,1,3860,3860,46912578336608
119,8,1,3860,3860,46912578336608
120,8,1,3860,3860,46912578336608
121,8,1,3860,3860,46912578336608
122,4,1,3860,3860,46912578336608
123,16,1,3860,3860,46912578336608
124,4,1,3860,3860,46912578336608
125,4,1,3860,3860,46912578336608
126,16,1,3860,3860,46912578336608
127,4,1,3860,3860,46912578336608
128,8,1,3860,3860,46912578336608
129,16,1,3860,3860,46912578336608
130,8,1,3860,3860,46912578336608
131,8,1,3860,3860,46912578336608
132,16,1,3860,3860,46912578336608
133,8,1,3860,3860,46912578336608
134,8,1,3860,3860,46912578336608
135,8,1,3860,3860,46912578336608
136,4,1,3860,3860,46912578336608
137,16,1,3860,3860,46912578336608
138,4,1,3860,3860,46912578336608
139,4,1,3860,3860,46912578336608
140,16,1,3860,3860,46912578336608
141,4,1,3860,3860,46912578336608
142,8,1,3860,3860,46912578336608
143,16,1,3860,3860,46912578336608
144,8,1,3860,3860,46912578336608
145,8,1,3860,3860,46912578336608
146,16,1,3860,3860,46912578336608
147,8,1,3860,3860,46912578336608
148,8,1,3860,3860,46912578336608
149,8,1,3860,3860,46912578336608
150,4,1,3860,3860,46912578336608
151,16,1,3860,3860,46912578336608
152,4,1,3860,3860,46912578336608
153,4,1,3860,3860,46912578336608
154,16,1,3860,3860,46912578336608
155,4,1,3860,3860,46912578336608
156,8,1,3860,3860,46912578336608
157,8,1,3860,3860,46912578336608
158,8,1,3860,3860,46912578336608
159,8,1,3860,3860,46912578336608
160,8,1,3860,3860,46912578336608
161,8,1,3860,3860,46912578336608
162,16,1,3860,3860,46912578336608
163,8,1,3860,3860,46912578336608
164,8,1,3860,3860,46912578336608
165,16,1,3860,3860,46912578336608
166,8,1,3860,3860,46912578336608
167,8,1,3860,3860,46912578336608
168,8,1,3860,3860,46912578336608
169,4,1,3860,3860,46912578336608
170,16,1,3860,3860,46912578336608
171,4,1,3860,3860,46912578336608
172,4,1,3860,3860,46912578336608
173,16,1,3860,3860,46912578336608
174,4,1,3860,3860,46912578336608
175,8,1,3860,3860,46912578336608
176,16,1,3860,3860,46912578336608
177,8,1,3860,3860,46912578336608
178,8,1,3860,3860,46912578336608
179,16,1,3860,3860,46912578336608
180,8,1,3860,3860,46912578336608
181,8,1,3860,3860,46912578336608
182,8,1,3860,3860,46912578336608
183,4,1,3860,3860,46912578336608
184,16,1,3860,3860,46912578336608
185,4,1,3860,3860,46912578336608
186,4,1,3860,3860,46912578336608
187,16,1,3860,3860,46912578336608
188,4,1,3860,3860,46912578336608
189,8,1,3860,3860,46912578336608
190,16,1,3860,3860,46912578336608
191,8,1,3860,3860,46912578336608
192,8,1,3860,3860,46912578336608
193,16,1,3860,3860,46912578336608
194,8,1,3860,3860,46912578336608
195,8,1,3860,3860,46912578336608
196,8,1,3860,3860,46912578336608
197,4,1,3860,3860,46912578336608
198,16,1,3860,3860,46912578336608
199,4,1,3860,3860,46912578336608
200,4,1,3860,3860,46912578336608
201,16,1,3860,3860,46912578336608
202,4,1,3860,3860,46912578336608
203,8,1,3860,3860,46912578336608
204,16,1,3860,3860,46912578336608
205,8,1,3860,3860,46912578336608
206,8,1,3860,3860,46912578336608
207,16,1,3860,3860,46912578336608
208,8,1,3860,3860,46912578336608
209,8,1,3860,3860,46912578336608
210,8,1,3860,3860,46912578336608
211,4,1,3860,3860,46912578336608
212,16,1,3860,3860,46912578336608
213,4,1,3860,3860,46912578336608
214,4,1,3860,3860,46912578336608
215,16,1,3860,3860,46912578336608
216,4,1,3860,3860,46912578336608
217,8,1,3860,3860,46912578336608
218,16,1,3860,3860,46912578336608
219,8,1,3860,3860,46912578336608
220,8,1,3860,3860,46912578336608
221,16,1,3860,3860,46912578336608
222,8,1,3860,3860,46912578336608
223,8,1,3860,3860,46912578336608
224,8,1,3860,3860,46912578336608
225,4,1,3860,3860,46912578336608
226,16,1,3860,3860,46912578336608
227,4,1,3860,3860,46912578336608
228,4,1,3860,3860,46912578336608
229,16,1,3860,3860,46912578336608
230,4,1,3860,3860,46912578336608
231,8,1,3860,3860,46912578336608
232,16,1,3860,3860,46912578336608
233,8,1,3860,3860,46912578336608
234,8,1,3860,3860,46912578336608
235,16,1,3860,3860,46912578336608
236,8,1,3860,3860,46912578336608
237,8,1,3860,3860,46912578336608
238,8,1,3860,3860,46912578336608
239,4,1,3860,3860,46912578336608
240,16,1,3860,3860,46912578336608
241,4,1,3860,3860,46912578336608
242,4,1,3860,3860,46912578336608
243,16,1,3860,3860,46912578336608
244,4,1,3860,3860,46912578336608
245,8,1,3860,3860,46912578336608
246,16,1,3860,3860,46912578336608
247,8,1,3860,3860,46912578336608
248,8,1,3860,3860,46912578336608
249,16,1,3860,3860,46912578336608
250,8,1,3860,3860,46912578336608
251,8,1,3860,3860,46912578336608
252,8,1,3860,3860,46912578336608
253,4,1,3860,3860,46912578336608
254,16,1,3860,3860,46912578336608
255,4,1,3860,3860,46912578336608
256,4,1,3860,3860,46912578336608
257,16,1,3860,3860,46912578336608
258,4,1,3860,3860,46912578336608
259,8,1,3860,3860,46912578336608
260,16,1,3860,3860,46912578336608
261,8,1,3860,3860,46912578336608
262,8,1,3860,3860,46912578336608
263,16,1,3860,3860,46912578336608
264,8,1,3860,3860,46912578336608
265,8,1,3860,3860,46912578336608
266,8,1,3860,3860,46912578336608
267,4,1,3860,3860,46912578336608
268,16,1,3860,3860,46912578336608
269,4,1,3860,3860,46912578336608
270,4,1,3860,3860,46912578336608
271,16,1,3860,3860,46912578336608
272,4,1,3860,3860,46912578336608
273,8,1,3860,3860,46912578336608
274,16,1,3860,3860,46912578336608
275,8,1,3860,3860,46912578336608
276,8,1,3860,3860,46912578336608
277,16,1,3860,3860,46912578336608
278,8,1,3860,3860,46912578336608
279,8,1,3860,3860,46912578336608
280,8,1,3860,3860,46912578336608
281,4,1,3860,3860,46912578336608
282,16,1,3860,3860,46912578336608
283,4,1,3860,3860,46912578336608
284,4,1,3860,3860,46912578336608
285,16,1,3860,3860,46912578336608
286,4,1,3860,3860,46912578336608
287,8,1,3860,3860,46912578336608
288,16,1,3860,3860,46912578336608
289,8,1,3860,3860,46912578336608
290,8,1,3860,3860,46912578336608
291,16,1,3860,3860,46912578336608
292,8,1,3860,3860,46912578336608
293,8,1,3860,3860,46912578336608
294,8,1,3860,3860,46912578336608
295,4,1,3860,3860,46912578336608
296,16,1,3860,3860,46912578336608
297,4,1,3860,3860,46912578336608
298,4,1,3860,3860,46912578336608
299,16,1,3860,3860,46912578336608
300,4,1,3860,3860,46912578336608
301,8,1,3860,3860,46912578336608
302,8,1,3860,3860,46912578336608
303,8,1,3860,3860,46912578336608
304,8,1,3860,3860,46912578336608
305,8,1,3860,3860,46912578336608
306,8,1,3860,3860,46912578336608
307,16,1,3860,3860,46912578336608
308,8,1,3860,3860,46912578336608
309,8,1,3860,3860,46912578336608
310,16,1,3860,3860,46912578336608
311,8,1,3860,3860,46912578336608
312,8,1,3860,3860,46912578336608
313,8,1,3860,3860,46912578336608
314,4,1,3860,3860,46912578336608
315,16,1,3860,3860,46912578336608
316,4,1,3860,3860,46912578336608
317,4,1,3860,3860,46912578336608
318,16,1,3860,3860,46912578336608
319,4,1,3860,3860,46912578336608
320,8,1,3860,3860,46912578336608
321,16,1,3860,3860,46912578336608
322,8,1,3860,3860,46912578336608
323,8,1,3860,3860,46912578336608
324,16,1,3860,3860,46912578336608
325,8,1,3860,3860,46912578336608
326,8,1,3860,3860,46912578336608
327,8,1,3860,3860,46912578336608
328,4,1,3860,3860,46912578336608
329,16,1,3860,3860,46912578336608
330,4,1,3860,3860,46912578336608
331,4,1,3860,3860,46912578336608
332,16,1,3860,3860,46912578336608
333,4,1,3860,3860,46912578336608
334,8,1,3860,3860,46912578336608
335,16,1,3860,3860,46912578336608
336,8,1,3860,3860,46912578336608
337,8,1,3860,3860,46912578336608
338,16,1,3860,3860,46912578336608
339,8,1,3860,3860,46912578336608
340,8,1,3860,3860,46912578336608
341,8,1,3860,3860,46912578336608
342,4,1,3860,3860,46912578336608
343,16,1,3860,3860,46912578336608
344,4,1,3860,3860,46912578336608
345,4,1,3860,3860,46912578336608
346,16,1,3860,3860,46912578336608
347,4,1,3860,3860,46912578336608
348,8,1,3860,3860,46912578336608
349,16,1,3860,3860,46912578336608
350,8,1,3860,3860,46912578336608
351,8,1,3860,3860,46912578336608
352,16,1,3860,3860,46912578336608
353,8,1,3860,3860,46912578336608
354,8,1,3860,3860,46912578336608
355,8,1,3860,3860,46912578336608
356,4,1,3860,3860,46912578336608
357,16,1,3860,3860,46912578336608
358,4,1,3860,3860,46912578336608
359,4,1,3860,3860,46912578336608
360,16,1,3860,3860,46912578336608
361,4,1,3860,3860,46912578336608
362,8,1,3860,3860,46912578336608
363,16,1,3860,3860,46912578336608
364,8,1,3860,3860,46912578336608
365,8,1,3860,3860,46912578336608
366,16,1,3860,3860,46912578336608
367,8,1,3860,3860,46912578336608
368,8,1,3860,3860,46912578336608
369,8,1,3860,3860,46912578336608
370,4,1,3860,3860,46912578336608
371,16,1,3860,3860,46912578336608
372,4,1,3860,3860,46912578336608
373,4,1,3860,3860,46912578336608
374,16,1,3860,3860,46912578336608
375,4,1,3860,3860,46912578336608
376,8,1,3860,3860,46912578336608
377,16,1,3860,3860,46912578336608
378,8,1,3860,3860,46912578336608
379,8,1,3860,3860,46912578336608
380,16,1,3860,3860,46912578336608
381,8,1,3860,3860,46912578336608
382,8,1,3860,3860,46912578336608
383,8,1,3860,3860,46912578336608
384,4,1,3860,3860,46912578336608
385,16,1,3860,3860,46912578336608
386,4,1,3860,3860,46912578336608
387,4,1,3860,3860,46912578336608
388,16,1,3860,3860,46912578336608
389,4,1,3860,3860,46912578336608
390,8,1,3860,3860,46912578336608
391,16,1,3860,3860,46912578336608
392,8,1,3860,3860,46912578336608
393,8,1,3860,3860,46912578336608
394,16,1,3860,3860,46912578336608
395,8,1,3860,3860,46912578336608
396,8,1,3860,3860,46912578336608
397,8,1,3860,3860,46912578336608
398,4,1,3860,3860,46912578336608
399,16,1,3860,3860,46912578336608
400,4,1,3860,3860,46912578336608
401,4,1,3860,3860,46912578336608
402,16,1,3860,3860,46912578336608
403,4,1,3860,3860,46912578336608
404,8,1,3860,3860,46912578336608
405,16,1,3860,3860,46912578336608
406,8,1,3860,3860,46912578336608
407,8,1,3860,3860,46912578336608
408,16,1,3860,3860,46912578336608
409,8,1,3860,3860,46912578336608
410,8,1,3860,3860,46912578336608
411,8,1,3860,3860,46912578336608
412,4,1,3860,3860,46912578336608
413,16,1,3860,3860,46912578336608
414,4,1,3860,3860,46912578336608
415,4,1,3860,3860,46912578336608
416,16,1,3860,3860,46912578336608
417,4,1,3860,3860,46912578336608
418,8,1,3860,3860,46912578336608
419,16,1,3860,3860,46912578336608
420,8,1,3860,3860,46912578336608
421,8,1,3860,3860,46912578336608
422,16,1,3860,3860,46912578336608
423,8,1,3860,3860,46912578336608
424,8,1,3860,3860,46912578336608
425,8,1,3860,3860,46912578336608
426,4,1,3860,3860,46912578336608
427,16,1,3860,3860,46912578336608
428,4,1,3860,3860,46912578336608
429,4,1,3860,3860,46912578336608
430,16,1,3860,3860,46912578336608
431,4,1,3860,3860,46912578336608
432,8,1,3860,3860,46912578336608
433,16,1,3860,3860,46912578336608
434,8,1,3860,3860,46912578336608
435,8,1,3860,3860,46912578336608
436,16,1,3860,3860,46912578336608
437,8,1,3860,3860,46912578336608
438,8,1,3860,3860,46912578336608
439,8,1,3860,3860,46912578336608
440,4,1,3860,3860,46912578336608
441,16,1,3860,3860,46912578336608
442,4,1,3860,3860,46912578336608
443,4,1,3860,3860,46912578336608
444,16,1,3860,3860,46912578336608
445,4,1,3860,3860,46912578336608
446,8,1,3860,3860,46912578336608
447,8,1,3860,3860,46912578336608
448,8,1,3860,3860,46912578336608
449,8,1,3860,3860,46912578336608
450,8,1,3860,3860,46912578336608
451,8,1,3860,3860,46912578336608
452,16,1,3860,3860,46912578336608
453,8,1,3860,3860,46912578336608
454,8,1,3860,3860,46912578336608
455,16,1,3860,3860,46912578336608
456,8,1,3860,3860,46912578336608
457,8,1,3860,3860,46912578336608
458,8,1,3860,3860,46912578336608
459,4,1,3860,3860,46912578336608
460,16,1,3860,3860,46912578336608
461,4,1,3860,3860,46912578336608
462,4,1,3860,3860,46912578336608
463,16,1,3860,3860,46912578336608
464,4,1,3860,3860,46912578336608
465,8,1,3860,3860,46912578336608
466,16,1,3860,3860,46912578336608
467,8,1,3860,3860,46912578336608
468,8,1,3860,3860,46912578336608
469,16,1,3860,3860,46912578336608
470,8,1,3860,3860,46912578336608
471,8,1,3860,3860,46912578336608
472,8,1,3860,3860,46912578336608
473,4,1,3860,3860,46912578336608
474,16,1,3860,3860,46912578336608
475,4,1,3860,3860,46912578336608
476,4,1,3860,3860,46912578336608
477,16,1,3860,3860,46912578336608
478,4,1,3860,3860,46912578336608
479,8,1,3860,3860,46912578336608
480,16,1,3860,3860,46912578336608
481,8,1,3860,3860,46912578336608
482,8,1,3860,3860,46912578336608
483,16,1,3860,3860,46912578336608
484,8,1,3860,3860,46912578336608
485,8,1,3860,3860,46912578336608
486,8,1,3860,3860,46912578336608
487,4,1,3860,3860,46912578336608
488,16,1,3860,3860,46912578336608
489,4,1,3860,3860,46912578336608
490,4,1,3860,3860,46912578336608
491,16,1,3860,3860,46912578336608
492,4,1,3860,3860,46912578336608
493,8,1,3860,3860,46912578336608
494,16,1,3860,3860,46912578336608
495,8,1,3860,3860,46912578336608
496,8,1,3860,3860,46912578336608
497,16,1,3860,3860,46912578336608
498,8,1,3860,3860,46912578336608
499,8,1,3860,3860,46912578336608
500,8,1,3860,3860,46912578336608
501,4,1,3860,3860,46912578336608
502,16,1,3860,3860,46912578336608
503,4,1,3860,3860,46912578336608
504,4,1,3860,3860,46912578336608
505,16,1,3860,3860,46912578336608
506,4,1,3860,3860,46912578336608
507,8,1,3860,3860,46912578336608
508,16,1,3860,3860,46912578336608
509,8,1,3860,3860,46912578336608
510,8,1,3860,3860,46912578336608
511,16,1,3860,3860,46912578336608
512,8,1,3860,3860,46912578336608
513,8,1,3860,3860,46912578336608
514,8,1,3860,3860,46912578336608
515,4,1,3860,3860,46912578336608
516,16,1,3860,3860,46912578336608
517,4,1,3860,3860,46912578336608
518,4,1,3860,3860,46912578336608
519,16,1,3860,3860,46912578336608
520,4,1,3860,3860,46912578336608
521,8,1,3860,3860,46912578336608
522,16,1,3860,3860,46912578336608
523,8,1,3860,3860,46912578336608
524,8,1,3860,3860,46912578336608
525,16,1,3860,3860,46912578336608
526,8,1,3860,3860,46912578336608
527,8,1,3860,3860,46912578336608
528,8,1,3860,3860,46912578336608
529,4,1,3860,3860,46912578336608
530,16,1,3860,3860,46912578336608
531,4,1,3860,3860,46912578336608
532,4,1,3860,3860,46912578336608
533,16,1,3860,3860,46912578336608
534,4,1,3860,3860,46912578336608
535,8,1,3860,3860,46912578336608
536,16,1,3860,3860,46912578336608
537,8,1,3860,3860,46912578336608
538,8,1,3860,3860,46912578336608
539,16,1,3860,3860,46912578336608
540,8,1,3860,3860,46912578336608
541,8,1,3860,3860,46912578336608
542,8,1,3860,3860,46912578336608
543,4,1,3860,3860,46912578336608
544,16,1,3860,3860,46912578336608
545,4,1,3860,3860,46912578336608
546,4,1,3860,3860,46912578336608
547,16,1,3860,3860,46912578336608
548,4,1,3860,3860,46912578336608
549,8,1,3860,3860,46912578336608
550,16,1,3860,3860,46912578336608
551,8,1,3860,3860,46912578336608
552,8,1,3860,3860,46912578336608
553,16,1,3860,3860,46912578336608
554,8,1,3860,3860,46912578336608
555,8,1,3860,3860,46912578336608
556,8,1,3860,3860,46912578336608
557,4,1,3860,3860,46912578336608
558,16,1,3860,3860,46912578336608
559,4,1,3860,3860,46912578336608
560,4,1,3860,3860,46912578336608
561,16,1,3860,3860,46912578336608
562,4,1,3860,3860,46912578336608
563,8,1,3860,3860,46912578336608
564,16,1,3860,3860,46912578336608
565,8,1,3860,3860,46912578336608
566,8,1,3860,3860,46912578336608
567,16,1,3860,3860,46912578336608
568,8,1,3860,3860,46912578336608
569,8,1,3860,3860,46912578336608
570,8,1,3860,3860,46912578336608
571,4,1,3860,3860,46912578336608
572,16,1,3860,3860,46912578336608
573,4,1,3860,3860,46912578336608
574,4,1,3860,3860,46912578336608
575,16,1,3860,3860,46912578336608
576,4,1,3860,3860,46912578336608
577,8,1,3860,3860,46912578336608
578,16,1,3860,3860,46912578336608
579,8,1,3860,3860,46912578336608
580,8,1,3860,3860,46912578336608
581,16,1,3860,3860,46912578336608
582,8,1,3860,3860,46912578336608
583,8,1,3860,3860,46912578336608
584,8,1,3860,3860,46912578336608
585,4,1,3860,3860,46912578336608
586,16,1,3860,3860,46912578336608
587,4,1,3860,3860,46912578336608
588,4,1,3860,3860,46912578336608
589,16,1,3860,3860,46912578336608
590,4,1,3860,3860,46912578336608
591,8,1,3860,3860,46912578336608
592,8,1,3860,3860,46912578336608
593,8,1,3860,3860,46912578336608
594,8,1,3860,3860,46912578336608
595,8,1,3860,3860,46912578336608
596,8,1,3860,3860,46912578336608
597,16,1,3860,3860,46912578336608
598,8,1,3860,3860,46912578336608
599,8,1,3860,3860,46912578336608
600,16,1,3860,3860,46912578336608
601,8,1,3860,3860,46912578336608
602,8,1,3860,3860,46912578336608
603,8,1,3860,3860,46912578336608
604,4,1,3860,3860,46912578336608
605,16,1,3860,3860,46912578336608
606,4,1,3860,3860,46912578336608
607,4,1,3860,3860,46912578336608
608,16,1,3860,3860,46912578336608
609,4,1,3860,3860,46912578336608
610,8,1,3860,3860,46912578336608
611,16,1,3860,3860,46912578336608
612,8,1,3860,3860,46912578336608
613,8,1,3860,3860,46912578336608
614,16,1,3860,3860,46912578336608
615,8,1,3860,3860,46912578336608
616,8,1,3860,3860,46912578336608
617,8,1,3860,3860,46912578336608
618,4,1,3860,3860,46912578336608
619,16,1,3860,3860,46912578336608
620,4,1,3860,3860,46912578336608
621,4,1,3860,3860,46912578336608
622,16,1,3860,3860,46912578336608
623,4,1,3860,3860,46912578336608
624,8,1,3860,3860,46912578336608
625,16,1,3860,3860,46912578336608
626,8,1,3860,3860,46912578336608
627,8,1,3860,3860,46912578336608
628,16,1,3860,3860,46912578336608
629,8,1,3860,3860,46912578336608
630,8,1,3860,3860,46912578336608
631,8,1,3860,3860,46912578336608
632,4,1,3860,3860,46912578336608
633,16,1,3860,3860,46912578336608
634,4,1,3860,3860,46912578336608
635,4,1,3860,3860,46912578336608
636,16,1,3860,3860,46912578336608
637,4,1,3860,3860,46912578336608
638,8,1,3860,3860,46912578336608
639,16,1,3860,3860,46912578336608
640,8,1,3860,3860,46912578336608
641,8,1,3860,3860,46912578336608
642,16,1,3860,3860,46912578336608
643,8,1,3860,3860,46912578336608
644,8,1,3860,3860,46912578336608
645,8,1,3860,3860,46912578336608
646,4,1,3860,3860,46912578336608
647,16,1,3860,3860,46912578336608
648,4,1,3860,3860,46912578336608
649,4,1,3860,3860,46912578336608
650,16,1,3860,3860,46912578336608
651,4,1,3860,3860,46912578336608
652,8,1,3860,3860,46912578336608
653,16,1,3860,3860,46912578336608
654,8,1,3860,3860,46912578336608
655,8,1,3860,3860,46912578336608
656,16,1,3860,3860,46912578336608
657,8,1,3860,3860,46912578336608
658,8,1,3860,3860,46912578336608
659,8,1,3860,3860,46912578336608
660,4,1,3860,3860,46912578336608
661,16,1,3860,3860,46912578336608
662,4,1,3860,3860,46912578336608
663,4,1,3860,3860,46912578336608
664,16,1,3860,3860,46912578336608
665,4,1,3860,3860,46912578336608
666,8,1,3860,3860,46912578336608
667,16,1,3860,3860,46912578336608
668,8,1,3860,3860,46912578336608
669,8,1,3860,3860,46912578336608
670,16,1,3860,3860,46912578336608
671,8,1,3860,3860,46912578336608
672,8,1,3860,3860,46912578336608
673,8,1,3860,3860,46912578336608
674,4,1,3860,3860,46912578336608
675,16,1,3860,3860,46912578336608
676,4,1,3860,3860,46912578336608
677,4,1,3860,3860,46912578336608
678,16,1,3860,3860,46912578336608
679,4,1,3860,3860,46912578336608
680,8,1,3860,3860,46912578336608
681,16,1,3860,3860,46912578336608
682,8,1,3860,3860,46912578336608
683,8,1,3860,3860,46912578336608
684,16,1,3860,3860,46912578336608
685,8,1,3860,3860,46912578336608
686,8,1,3860,3860,46912578336608
687,8,1,3860,3860,46912578336608
688,4,1,3860,3860,46912578336608
689,16,1,3860,3860,46912578336608
690,4,1,3860,3860,46912578336608
691,4,1,3860,3860,46912578336608
692,16,1,3860,3860,46912578336608
693,4,1,3860,3860,46912578336608
694,8,1,3860,3860,46912578336608
695,16,1,3860,3860,46912578336608
696,8,1,3860,3860,46912578336608
697,8,1,3860,3860,46912578336608
698,16,1,3860,3860,46912578336608
699,8,1,3860,3860,46912578336608
700,8,1,3860,3860,46912578336608
701,8,1,3860,3860,46912578336608
702,4,1,3860,3860,46912578336608
703,16,1,3860,3860,46912578336608
704,4,1,3860,3860,46912578336608
705,4,1,3860,3860,46912578336608
706,16,1,3860,3860,46912578336608
707,4,1,3860,3860,46912578336608
708,8,1,3860,3860,46912578336608
709,16,1,3860,3860,46912578336608
710,8,1,3860,3860,46912578336608
711,8,1,3860,3860,46912578336608
712,16,1,3860,3860,46912578336608
713,8,1,3860,3860,46912578336608
714,8,1,3860,3860,46912578336608
715,8,1,3860,3860,46912578336608
716,4,1,3860,3860,46912578336608
717,16,1,3860,3860,46912578336608
718,4,1,3860,3860,46912578336608
719,4,1,3860,3860,46912578336608
720,16,1,3860,3860,46912578336608
721,4,1,3860,3860,46912578336608
722,8,1,3860,3860,46912578336608
723,16,1,3860,3860,46912578336608
724,8,1,3860,3860,46912578336608
725,8,1,3860,3860,46912578336608
726,16,1,3860,3860,46912578336608
727,8,1,3860,3860,46912578336608
728,8,1,3860,3860,46912578336608
729,8,1,3860,3860,46912578336608
730,4,1,3860,3860,46912578336608
731,16,1,3860,3860,46912578336608
732,4,1,3860,3860,46912578336608
733,4,1,3860,3860,46912578336608
734,16,1,3860,3860,46912578336608
735,4,1,3860,3860,46912578336608
736,8,1,3860,3860,46912578336608
737,8,1,3860,3860,46912578336608
738,8,1,3860,3860,46912578336608
739,8,1,3860,3860,46912578336608
740,8,1,3860,3860,46912578336608
741,8,1,3860,3860,46912578336608
742,16,1,3860,3860,46912578336608
743,8,1,3860,3860,46912578336608
744,8,1,3860,3860,46912578336608
745,16,1,3860,3860,46912578336608
746,8,1,3860,3860,46912578336608
747,8,1,3860,3860,46912578336608
748,8,1,3860,3860,46912578336608
749,4,1,3860,3860,46912578336608
750,16,1,3860,3860,46912578336608
751,4,1,3860,3860,46912578336608
752,4,1,3860,3860,46912578336608
753,16,1,3860,3860,46912578336608
754,4,1,3860,3860,46912578336608
755,8,1,3860,3860,46912578336608
756,16,1,3860,3860,46912578336608
757,8,1,3860,3860,46912578336608
758,8,1,3860,3860,46912578336608
759,16,1,3860,3860,46912578336608
760,8,1,3860,3860,46912578336608
761,8,1,3860,3860,46912578336608
762,8,1,3860,3860,46912578336608
763,4,1,3860,3860,46912578336608
764,16,1,3860,3860,46912578336608
765,4,1,3860,3860,46912578336608
766,4,1,3860,3860,46912578336608
767,16,1,3860,3860,46912578336608
768,4,1,3860,3860,46912578336608
769,8,1,3860,3860,46912578336608
770,16,1,3860,3860,46912578336608
771,8,1,3860,3860,46912578336608
772,8,1,3860,3860,46912578336608
773,16,1,3860,3860,46912578336608
774,8,1,3860,3860,46912578336608
775,8,1,3860,3860,46912578336608
776,8,1,3860,3860,46912578336608
777,4,1,3860,3860,46912578336608
778,16,1,3860,3860,46912578336608
779,4,1,3860,3860,46912578336608
780,4,1,3860,3860,46912578336608
781,16,1,3860,3860,46912578336608
782,4,1,3860,3860,46912578336608
783,8,1,3860,3860,46912578336608
784,16,1,3860,3860,46912578336608
785,8,1,3860,3860,46912578336608
786,8,1,3860,3860,46912578336608
787,16,1,3860,3860,46912578336608
788,8,1,3860,3860,46912578336608
789,8,1,3860,3860,46912578336608
790,8,1,3860,3860,46912578336608
791,4,1,3860,3860,46912578336608
792,16,1,3860,3860,46912578336608
793,4,1,3860,3860,46912578336608
794,4,1,3860,3860,46912578336608
795,16,1,3860,3860,46912578336608
796,4,1,3860,3860,46912578336608
797,8,1,3860,3860,46912578336608
798,16,1,3860,3860,46912578336608
799,8,1,3860,3860,46912578336608
800,8,1,3860,3860,46912578336608
801,16,1,3860,3860,46912578336608
802,8,1,3860,3860,46912578336608
803,8,1,3860,3860,46912578336608
804,8,1,3860,3860,46912578336608
805,4,1,3860,3860,46912578336608
806,16,1,3860,3860,46912578336608
807,4,1,3860,3860,46912578336608
808,4,1,3860,3860,46912578336608
809,16,1,3860,3860,46912578336608
810,4,1,3860,3860,46912578336608
811,8,1,3860,3860,46912578336608
812,16,1,3860,3860,46912578336608
813,8,1,3860,3860,46912578336608
814,8,1,3860,3860,46912578336608
815,16,1,3860,3860,46912578336608
816,8,1,3860,3860,46912578336608
817,8,1,3860,3860,46912578336608
818,8,1,3860,3860,46912578336608
819,4,1,3860,3860,46912578336608
820,16,1,3860,3860,46912578336608
821,4,1,3860,3860,46912578336608
822,4,1,3860,3860,46912578336608
823,16,1,3860,3860,46912578336608
824,4,1,3860,3860,46912578336608
825,8,1,3860,3860,46912578336608
826,16,1,3860,3860,46912578336608
827,8,1,3860,3860,46912578336608
828,8,1,3860,3860,46912578336608
829,16,1,3860,3860,46912578336608
830,8,1,3860,3860,46912578336608
831,8,1,3860,3860,46912578336608
832,8,1,3860,3860,46912578336608
833,4,1,3860,3860,46912578336608
834,16,1,3860,3860,46912578336608
835,4,1,3860,3860,46912578336608
836,4,1,3860,3860,46912578336608
837,16,1,3860,3860,46912578336608
838,4,1,3860,3860,46912578336608
839,8,1,3860,3860,46912578336608
840,16,1,3860,3860,46912578336608
841,8,1,3860,3860,46912578336608
842,8,1,3860,3860,46912578336608
843,16,1,3860,3860,46912578336608
844,8,1,3860,3860,46912578336608
845,8,1,3860,3860,46912578336608
846,8,1,3860,3860,46912578336608
847,4,1,3860,3860,46912578336608
848,16,1,3860,3860,46912578336608
849,4,1,3860,3860,46912578336608
850,4,1,3860,3860,46912578336608
851,16,1,3860,3860,46912578336608
852,4,1,3860,3860,46912578336608
853,8,1,3860,3860,46912578336608
854,16,1,3860,3860,46912578336608
855,8,1,3860,3860,46912578336608
856,8,1,3860,3860,46912578336608
857,16,1,3860,3860,46912578336608
858,8,1,3860,3860,46912578336608
859,8,1,3860,3860,46912578336608
860,8,1,3860,3860,46912578336608
861,4,1,3860,3860,46912578336608
862,16,1,3860,3860,46912578336608
863,4,1,3860,3860,46912578336608
864,4,1,3860,3860,46912578336608
865,16,1,3860,3860,46912578336608
866,4,1,3860,3860,46912578336608
867,8,1,3860,3860,46912578336608
868,16,1,3860,3860,46912578336608
869,8,1,3860,3860,46912578336608
870,8,1,3860,3860,46912578336608
871,16,1,3860,3860,46912578336608
872,8,1,3860,3860,46912578336608
873,8,1,3860,3860,46912578336608
874,8,1,3860,3860,46912578336608
875,4,1,3860,3860,46912578336608
876,16,1,3860,3860,46912578336608
877,4,1,3860,3860,46912578336608
878,4,1,3860,3860,46912578336608
879,16,1,3860,3860,46912578336608
880,4,1,3860,3860,46912578336608
881,8,1,3860,3860,46912578336608
882,8,1,3860,3860,46912578336608
883,8,1,3860,3860,46912578336608
884,8,1,3860,3860,46912578336608
885,8,1,3860,3860,46912578336608
886,8,1,3860,3860,46912578336608
887,16,1,3860,3860,46912578336608
888,8,1,3860,3860,46912578336608
889,8,1,3860,3860,46912578336608
890,16,1,3860,3860,46912578336608
891,8,1,3860,3860,46912578336608
892,8,1,3860,3860,46912578336608
893,8,1,3860,3860,46912578336608
894,4,1,3860,3860,46912578336608
895,16,1,3860,3860,46912578336608
896,4,1,3860,3860,46912578336608
897,4,1,3860,3860,46912578336608
898,16,1,3860,3860,46912578336608
899,4,1,3860,3860,46912578336608
900,8,1,3860,3860,46912578336608
901,16,1,3860,3860,46912578336608
902,8,1,3860,3860,46912578336608
903,8,1,3860,3860,46912578336608
904,16,1,3860,3860,46912578336608
905,8,1,3860,3860,46912578336608
906,8,1,3860,3860,46912578336608
907,8,1,3860,3860,46912578336608
908,4,1,3860,3860,46912578336608
909,16,1,3860,3860,46912578336608
910,4,1,3860,3860,46912578336608
911,4,1,3860,3860,46912578336608
912,16,1,3860,3860,46912578336608
913,4,1,3860,3860,46912578336608
914,8,1,3860,3860,46912578336608
915,16,1,3860,3860,46912578336608
916,8,1,3860,3860,46912578336608
917,8,1,3860,3860,46912578336608
918,16,1,3860,3860,46912578336608
919,8,1,3860,3860,46912578336608
920,8,1,3860,3860,46912578336608
921,8,1,3860,3860,46912578336608
922,4,1,3860,3860,46912578336608
923,16,1,3860,3860,46912578336608
924,4,1,3860,3860,46912578336608
925,4,1,3860,3860,46912578336608
926,16,1,3860,3860,46912578336608
927,4,1,3860,3860,46912578336608
928,8,1,3860,3860,46912578336608
929,16,1,3860,3860,46912578336608
930,8,1,3860,3860,46912578336608
931,8,1,3860,3860,46912578336608
932,16,1,3860,3860,46912578336608
933,8,1,3860,3860,46912578336608
934,8,1,3860,3860,46912578336608
935,8,1,3860,3860,46912578336608
936,4,1,3860,3860,46912578336608
937,16,1,3860,3860,46912578336608
938,4,1,3860,3860,46912578336608
939,4,1,3860,3860,46912578336608
940,16,1,3860,3860,46912578336608
941,4,1,3860,3860,46912578336608
942,8,1,3860,3860,46912578336608
943,16,1,3860,3860,46912578336608
944,8,1,3860,3860,46912578336608
945,8,1,3860,3860,46912578336608
946,16,1,3860,3860,46912578336608
947,8,1,3860,3860,46912578336608
948,8,1,3860,3860,46912578336608
949,8,1,3860,3860,46912578336608
950,4,1,3860,3860,46912578336608
951,16,1,3860,3860,46912578336608
952,4,1,3860,3860,46912578336608
953,4,1,3860,3860,46912578336608
954,16,1,3860,3860,46912578336608
955,4,1,3860,3860,46912578336608
956,8,1,3860,3860,46912578336608
957,16,1,3860,3860,46912578336608
958,8,1,3860,3860,46912578336608
959,8,1,3860,3860,46912578336608
960,16,1,3860,3860,46912578336608
961,8,1,3860,3860,46912578336608
962,8,1,3860,3860,46912578336608
963,8,1,3860,3860,46912578336608
964,4,1,3860,3860,46912578336608
965,16,1,3860,3860,46912578336608
966,4,1,3860,3860,46912578336608
967,4,1,3860,3860,46912578336608
968,16,1,3860,3860,46912578336608
969,4,1,3860,3860,46912578336608
970,8,1,3860,3860,46912578336608
971,16,1,3860,3860,46912578336608
972,8,1,3860,3860,46912578336608
973,8,1,3860,3860,46912578336608
974,16,1,3860,3860,46912578336608
975,8,1,3860,3860,46912578336608
976,8,1,3860,3860,46912578336608
977,8,1,3860,3860,46912578336608
978,4,1,3860,3860,46912578336608
979,16,1,3860,3860,46912578336608
980,4,1,3860,3860,46912578336608
981,4,1,3860,3860,46912578336608
982,16,1,3860,3860,46912578336608
983,4,1,3860,3860,46912578336608
984,8,1,3860,3860,46912578336608
985,16,1,3860,3860,46912578336608
986,8,1,3860,3860,46912578336608
987,8,1,3860,3860,46912578336608
988,16,1,3860,3860,46912578336608
989,8,1,3860,3860,46912578336608
990,8,1,3860,3860,46912578336608
991,8,1,3860,3860,46912578336608
992,4,1,3860,3860,46912578336608
993,16,1,3860,3860,46912578336608
994,4,1,3860,3860,46912578336608
995,4,1,3860,3860,46912578336608
996,16,1,3860,3860,46912578336608
997,4,1,3860,3860,46912578336608
998,8,1,3860,3860,46912578336608
999,16,1,3860,3860,46912578336608
1000,8,1,3860,3860,46912578336608
1001,8,1,3860,3860,46912578336608
1002,16,1,3860,3860,46912578336608
1003,8,1,3860,3860,46912578336608
1004,8,1,3860,3860,46912578336608
1005,8,1,3860,3860,46912578336608
1006,4,1,3860,3860,46912578336608
1007,16,1,3860,3860,46912578336608
1008,4,1,3860,3860,46912578336608
1009,4,1,3860,3860,46912578336608
1010,16,1,3860,3860,46912578336608
1011,4,1,3860,3860,46912578336608
1012,8,1,3860,3860,46912578336608
1013,16,1,3860,3860,46912578336608
1014,8,1,3860,3860,46912578336608
1015,8,1,3860,3860,46912578336608
1016,16,1,3860,3860,46912578336608
1017,8,1,3860,3860,46912578336608
1018,8,1,3860,3860,46912578336608
1019,8,1,3860,3860,46912578336608
1020,4,1,3860,3860,46912578336608
1021,16,1,3860,3860,46912578336608
1022,4,1,3860,3860,46912578336608
1023,4,1,3860,3860,46912578336608
1024,16,1,3860,3860,46912578336608
1025,4,1,3860,3860,46912578336608
1026,8,1,3860,3860,46912578336608
1027,8,1,3860,3860,46912578336608
1028,8,1,3860,3860,46912578336608
1029,8,1,3860,3860,46912578336608
1030,8,1,3860,3860,46912578336608
1031,8,1,3860,3860,46912578336608
1032,16,1,3860,3860,46912578336608
1033,8,1,3860,3860,46912578336608
1034,8,1,3860,3860,46912578336608
1035,16,1,3860,3860,46912578336608
1036,8,1,3860,3860,46912578336608
1037,8,1,3860,3860,46912578336608
1038,8,1,3860,3860,46912578336608
1039,4,1,3860,3860,46912578336608
1040,16,1,3860,3860,46912578336608
1041,4,1,3860,3860,46912578336608
1042,4,1,3860,3860,46912578336608
1043,16,1,3860,3860,46912578336608
1044,4,1,3860,3860,46912578336608
1045,8,1,3860,3860,46912578336608
1046,16,1,3860,3860,46912578336608
1047,8,1,3860,3860,46912578336608
1048,8,1,3860,3860,46912578336608
1049,16,1,3860,3860,46912578336608
1050,8,1,3860,3860,46912578336608
1051,8,1,3860,3860,46912578336608
1052,8,1,3860,3860,46912578336608
1053,4,1,3860,3860,46912578336608
1054,16,1,3860,3860,46912578336608
1055,4,1,3860,3860,46912578336608
1056,4,1,3860,3860,46912578336608
1057,16,1,3860,3860,46912578336608
1058,4,1,3860,3860,46912578336608
1059,8,1,3860,3860,46912578336608
1060,16,1,3860,3860,46912578336608
1061,8,1,3860,3860,46912578336608
1062,8,1,3860,3860,46912578336608
1063,16,1,3860,3860,46912578336608
1064,8,1,3860,3860,46912578336608
1065,8,1,3860,3860,46912578336608
1066,8,1,3860,3860,46912578336608
1067,4,1,3860,3860,46912578336608
1068,16,1,3860,3860,46912578336608
1069,4,1,3860,3860,46912578336608
1070,4,1,3860,3860,46912578336608
1071,16,1,3860,3860,46912578336608
1072,4,1,3860,3860,46912578336608
1073,8,1,3860,3860,46912578336608
1074,16,1,3860,3860,46912578336608
1075,8,1,3860,3860,46912578336608
1076,8,1,3860,3860,46912578336608
1077,16,1,3860,3860,46912578336608
1078,8,1,3860,3860,46912578336608
1079,8,1,3860,3860,46912578336608
1080,8,1,3860,3860,46912578336608
1081,4,1,3860,3860,46912578336608
1082,16,1,3860,3860,46912578336608
1083,4,1,3860,3860,46912578336608
1084,4,1,3860,3860,46912578336608
1085,16,1,3860,3860,46912578336608
1086,4,1,3860,3860,46912578336608
1087,8,1,3860,3860,46912578336608
1088,16,1,3860,3860,46912578336608
1089,8,1,3860,3860,46912578336608
1090,8,1,3860,3860,46912578336608
1091,16,1,3860,3860,46912578336608
1092,8,1,3860,3860,46912578336608
1093,8,1,3860,3860,46912578336608
1094,8,1,3860,3860,46912578336608
1095,4,1,3860,3860,46912578336608
1096,16,1,3860,3860,46912578336608
1097,4,1,3860,3860,46912578336608
1098,4,1,3860,3860,46912578336608
1099,16,1,3860,3860,46912578336608
1100,4,1,3860,3860,46912578336608
1101,8,1,3860,3860,46912578336608
1102,16,1,3860,3860,46912578336608
1103,8,1,3860,3860,46912578336608
1104,8,1,3860,3860,46912578336608
1105,16,1,3860,3860,46912578336608
1106,8,1,3860,3860,46912578336608
1107,8,1,3860,3860,46912578336608
1108,8,1,3860,3860,46912578336608
1109,4,1,3860,3860,46912578336608
1110,16,1,3860,3860,46912578336608
1111,4,1,3860,3860,46912578336608
1112,4,1,3860,3860,46912578336608
1113,16,1,3860,3860,46912578336608
1114,4,1,3860,3860,46912578336608
1115,8,1,3860,3860,46912578336608
1116,16,1,3860,3860,46912578336608
1117,8,1,3860,3860,46912578336608
1118,8,1,3860,3860,46912578336608
1119,16,1,3860,3860,46912578336608
1120,8,1,3860,3860,46912578336608
1121,8,1,3860,3860,46912578336608
1122,8,1,3860,3860,46912578336608
1123,4,1,3860,3860,46912578336608
1124,16,1,3860,3860,46912578336608
1125,4,1,3860,3860,46912578336608
1126,4,1,3860,3860,46912578336608
1127,16,1,3860,3860,46912578336608
1128,4,1,3860,3860,46912578336608
1129,8,1,3860,3860,46912578336608
1130,16,1,3860,3860,46912578336608
1131,8,1,3860,3860,46912578336608
1132,8,1,3860,3860,46912578336608
1133,16,1,3860,3860,46912578336608
1134,8,1,3860,3860,46912578336608
1135,8,1,3860,3860,46912578336608
1136,8,1,3860,3860,46912578336608
1137,4,1,3860,3860,46912578336608
1138,16,1,3860,3860,46912578336608
1139,4,1,3860,3860,46912578336608
1140,4,1,3860,3860,46912578336608
1141,16,1,3860,3860,46912578336608
1142,4,1,3860,3860,46912578336608
1143,8,1,3860,3860,46912578336608
1144,16,1,3860,3860,46912578336608
1145,8,1,3860,3860,46912578336608
1146,8,1,3860,3860,46912578336608
1147,16,1,3860,3860,46912578336608
1148,8,1,3860,3860,46912578336608
1149,8,1,3860,3860,46912578336608
1150,8,1,3860,3860,46912578336608
1151,4,1,3860,3860,46912578336608
1152,16,1,3860,3860,46912578336608
1153,4,1,3860,3860,46912578336608
1154,4,1,3860,3860,46912578336608
1155,16,1,3860,3860,46912578336608
1156,4,1,3860,3860,46912578336608
1157,8,1,3860,3860,46912578336608
1158,16,1,3860,3860,46912578336608
1159,8,1,3860,3860,46912578336608
1160,8,1,3860,3860,46912578336608
1161,16,1,3860,3860,46912578336608
1162,8,1,3860,3860,46912578336608
1163,8,1,3860,3860,46912578336608
1164,8,1,3860,3860,46912578336608
1165,4,1,3860,3860,46912578336608
1166,16,1,3860,3860,46912578336608
1167,4,1,3860,3860,46912578336608
1168,4,1,3860,3860,46912578336608
1169,16,1,3860,3860,46912578336608
1170,4,1,3860,3860,46912578336608
1171,8,1,3860,3860,46912578336608
1172,8,1,3860,3860,46912578336608
1173,8,1,3860,3860,46912578336608
1174,8,1,3860,3860,46912578336608
1175,8,1,3860,3860,46912578336608
1176,8,1,3860,3860,46912578336608
1177,16,1,3860,3860,46912578336608
1178,8,1,3860,3860,46912578336608
1179,8,1,3860,3860,46912578336608
1180,16,1,3860,3860,46912578336608
1181,8,1,3860,3860,46912578336608
1182,8,1,3860,3860,46912578336608
1183,8,1,3860,3860,46912578336608
1184,4,1,3860,3860,46912578336608
1185,16,1,3860,3860,46912578336608
1186,4,1,3860,3860,46912578336608
1187,4,1,3860,3860,46912578336608
1188,16,1,3860,3860,46912578336608
1189,4,1,3860,3860,46912578336608
1190,8,1,3860,3860,46912578336608
1191,16,1,3860,3860,46912578336608
1192,8,1,3860,3860,46912578336608
1193,8,1,3860,3860,46912578336608
1194,16,1,3860,3860,46912578336608
1195,8,1,3860,3860,46912578336608
1196,8,1,3860,3860,46912578336608
1197,8,1,3860,3860,46912578336608
1198,4,1,3860,3860,46912578336608
1199,16,1,3860,3860,46912578336608
1200,4,1,3860,3860,46912578336608
1201,4,1,3860,3860,46912578336608
1202,16,1,3860,3860,46912578336608
1203,4,1,3860,3860,46912578336608
1204,8,1,3860,3860,46912578336608
1205,16,1,3860,3860,46912578336608
1206,8,1,3860,3860,46912578336608
1207,8,1,3860,3860,46912578336608
1208,16,1,3860,3860,46912578336608
1209,8,1,3860,3860,46912578336608
1210,8,1,3860,3860,46912578336608
1211,8,1,3860,3860,46912578336608
1212,4,1,3860,3860,46912578336608
1213,16,1,3860,3860,46912578336608
1214,4,1,3860,3860,46912578336608
1215,4,1,3860,3860,46912578336608
1216,16,1,3860,3860,46912578336608
1217,4,1,3860,3860,46912578336608
1218,8,1,3860,3860,46912578336608
1219,16,1,3860,3860,46912578336608
1220,8,1,3860,3860,46912578336608
1221,8,1,3860,3860,46912578336608
1222,16,1,3860,3860,46912578336608
1223,8,1,3860,3860,46912578336608
1224,8,1,3860,3860,46912578336608
1225,8,1,3860,3860,46912578336608
1226,4,1,3860,3860,46912578336608
1227,16,1,3860,3860,46912578336608
1228,4,1,3860,3860,46912578336608
1229,4,1,3860,3860,46912578336608
1230,16,1,3860,3860,46912578336608
1231,4,1,3860,3860,46912578336608
1232,8,1,3860,3860,46912578336608
1233,16,1,3860,3860,46912578336608
1234,8,1,3860,3860,46912578336608
1235,8,1,3860,3860,46912578336608
1236,16,1,3860,3860,46912578336608
1237,8,1,3860,3860,46912578336608
1238,8,1,3860,3860,46912578336608
1239,8,1,3860,3860,46912578336608
1240,4,1,3860,3860,46912578336608
1241,16,1,3860,3860,46912578336608
1242,4,1,3860,3860,46912578336608
1243,4,1,3860,3860,46912578336608
1244,16,1,3860,3860,46912578336608
1245,4,1,3860,3860,46912578336608
1246,8,1,3860,3860,46912578336608
1247,16,1,3860,3860,46912578336608
1248,8,1,3860,3860,46912578336608
1249,8,1,3860,3860,46912578336608
1250,16,1,3860,3860,46912578336608
1251,8,1,3860,3860,46912578336608
1252,8,1,3860,3860,46912578336608
1253,8,1,3860,3860,46912578336608
1254,4,1,3860,3860,46912578336608
1255,16,1,3860,3860,46912578336608
1256,4,1,3860,3860,46912578336608
1257,4,1,3860,3860,46912578336608
1258,16,1,3860,3860,46912578336608
1259,4,1,3860,3860,46912578336608
1260,8,1,3860,3860,46912578336608
1261,16,1,3860,3860,46912578336608
1262,8,1,3860,3860,46912578336608
1263,8,1,3860,3860,46912578336608
1264,16,1,3860,3860,46912578336608
1265,8,1,3860,3860,46912578336608
1266,8,1,3860,3860,46912578336608
1267,8,1,3860,3860,46912578336608
1268,4,1,3860,3860,46912578336608
1269,16,1,3860,3860,46912578336608
1270,4,1,3860,3860,46912578336608
1271,4,1,3860,3860,46912578336608
1272,16,1,3860,3860,46912578336608
1273,4,1,3860,3860,46912578336608
1274,8,1,3860,3860,46912578336608
1275,8,1,3860,3860,46912578336608
1276,8,1,3860,3860,46912578336608
1277,8,1,3860,3860,46912578336608
1278,8,1,3860,3860,46912578336608
